1000
10 10
8.0879 6.59806
7.06483 6.98545
1.96023 5.1697
7.32205 2.3141
4.62745 2.42171
2.89671 3.76342
6.27026 7.96283
1.54299 0.328124
1.37618 3.6795
9.42503 5.10811
6.9611 8.27141
5.93864 0.567344
1.94243 9.22734
1.66813 3.48973
9.55101 1.96672
8.9738 5.98319
1.52797 3.60988
6.11032 0.916924
7.11368 6.74972
6.32101 0.582608
3.92541 0.0946351
8.48711 0.19398
3.71155 7.39134
0.765897 2.06902
0.629138 2.35268
9.83406 5.50669
1.59528 3.29349
8.1019 8.997
7.51372 2.12151
1.46439 3.72954
7.20123 9.25572
7.10589 9.65775
7.56523 1.46858
0.260182 6.47261
2.82513 7.21821
2.29456 8.56719
0.445918 0.0133213
3.313 0.614558
6.26891 4.79282
4.97131 8.50831
9.1816 8.23126
6.79071 8.3621
7.73338 6.71108
7.76976 7.81545
4.20931 9.29152
6.16797 1.82822
2.90738 7.81214
9.86252 0.968294
7.03507 8.68687
6.9633 3.98695
4.45096 2.97251
3.67312 1.58257
0.391818 3.03211
2.60679 1.17022
2.62206 0.149664
6.43066 9.04497
2.01969 3.86977
6.19527 9.62917
5.76509 8.09604
0.0100308 5.55025
4.13682 0.219388
1.04354 2.35962
2.23657 5.62397
7.41813 5.97855
9.39715 5.2788
0.0505481 8.78483
1.93846 6.21771
9.78023 2.77238
5.20727 9.04239
9.84546 3.15823
8.60403 8.89942
5.61969 0.214975
2.56132 2.52351
9.11576 9.83065
6.72321 1.59288
9.29547 0.0552397
9.58404 3.57099
3.64878 9.97994
0.391081 7.36672
8.12566 4.41102
2.8627 3.20345
4.59333 0.32455
6.05315 5.53085
4.00161 3.73742
8.3585 5.09837
5.40326 0.203247
8.20719 1.26681
2.89448 9.00173
0.217797 6.73859
9.32472 2.67266
4.42384 0.107291
6.33026 2.87212
6.15351 4.67742
1.21343 9.73476
2.94026 9.80542
7.29385 0.570668
0.694136 9.56968
6.53096 1.99605
2.6659 6.28123
9.50365 2.87639
3.56946 5.9777
5.80925 5.0583
7.22385 2.72858
0.787311 8.91502
4.8043 7.74117
4.13278 8.1959
3.33278 6.30763
6.35946 2.02981
5.92148 2.84046
7.39512 0.542067
4.24572 9.88581
5.60727 3.2181
7.01524 5.76392
6.6733 1.35508
5.55897 9.91478
2.74252 7.21443
9.56654 3.84664
2.73788 8.01893
2.73627 7.39897
9.93757 2.27391
4.37697 1.56293
7.88625 0.301029
5.89268 8.58072
4.23477 2.22353
6.76257 8.95048
4.21862 4.37348
4.05612 9.4281
7.70122 7.80911
1.20564 6.88875
8.64644 5.52533
4.94566 8.9663
1.68407 0.103396
0.626004 8.98052
7.84083 1.69675
6.247 8.5649
6.38731 8.8747
9.16386 2.37761
0.502721 5.48483
2.12268 6.14127
6.34834 6.85296
1.09326 7.72549
6.38435 6.15844
4.77397 5.47612
3.48265 6.48585
6.97533 0.18839
3.36556 0.454867
8.59077 9.66428
9.16935 1.02046
7.99038 4.03837
8.42847 5.48852
5.42095 7.36282
4.99562 3.87264
0.99338 1.50964
6.97901 7.082
8.05384 8.0653
4.74448 5.72623
9.4373 2.03864
5.44845 4.03699
2.34464 3.39553
4.92215 9.74158
6.11655 7.4833
8.29811 5.11127
4.85669 2.90767
9.559 4.30379
1.69981 4.36769
1.45229 0.991874
2.04377 9.28742
1.97156 9.6197
7.94167 5.89801
7.74272 1.53337
5.91423 9.44221
9.23692 4.86814
9.69028 8.23937
0.0432475 7.59072
8.63148 5.29022
6.39169 8.9598
8.83351 7.98335
9.48683 1.78704
7.04035 9.31894
5.74745 9.04492
3.87282 3.85518
2.97457 5.62587
1.65672 2.82207
7.59982 2.25601
8.7366 6.42838
1.1577 0.533631
5.52094 7.61862
4.03418 0.154402
5.19672 3.10476
2.13435 3.76365
9.86777 2.70058
2.5495 0.0184353
6.79226 1.3596
5.38148 8.24076
8.56091 1.842
7.07972 4.12467
6.11335 8.81829
3.41018 5.14053
3.91882 1.01053
1.9225 9.03359
6.82246 5.58759
8.58312 1.31879
0.850733 2.01673
2.03312 3.48878
2.36836 0.348427
1.40339 8.97
2.0466 1.45274
5.51954 0.449534
2.12401 3.9282
9.11864 7.50344
3.82322 7.57452
7.96118 7.22993
0.663437 8.73557
9.30678 5.77855
3.64461 0.997031
7.83339 3.72849
2.83457 1.95926
2.24343 5.69039
8.632 6.04327
7.48302 7.40537
2.39962 5.86579
0.880592 1.68231
2.37855 6.16022
4.4162 0.402447
2.39266 5.01897
2.17486 6.37029
0.852427 5.47479
4.21769 4.63547
9.85518 0.124212
5.10053 5.81247
9.33885 7.74476
8.35114 6.33666
4.17342 1.74437
9.26696 2.34367
7.08779 8.63754
9.28672 7.29012
5.07085 3.85285
2.19029 0.384393
1.85191 3.8036
6.30403 4.54195
4.09496 1.20625
3.39815 4.39123
3.72744 3.68466
0.377892 0.773308
1.97 6.72647
1.02859 3.25173
0.496053 6.72622
5.06385 2.87037
1.75115 8.46983
8.68141 6.89291
8.88906 0.92076
0.804016 4.92429
9.18554 0.875384
3.10609 1.84403
2.5559 9.98483
3.44184 2.9371
7.51406 6.12522
5.90012 5.15308
0.00288216 5.16557
7.80002 7.99767
5.20227 2.35158
1.62743 5.00643
7.58612 1.30556
8.59925 7.67424
5.67006 6.3367
0.215299 8.22082
0.810695 2.69256
4.60555 8.29028
8.43073 7.18877
8.65858 0.591606
1.32497 8.76925
5.5948 1.15162
0.889313 1.54406
9.85777 4.42017
3.00123 1.07866
2.59157 3.05533
8.70379 0.217659
4.32028 8.37397
7.95655 5.50277
0.571918 3.02747
1.02951 4.79086
4.33512 3.37445
1.38012 2.21415
6.99502 8.6851
0.826222 2.0069
5.41879 9.04409
3.37565 1.21741
1.32438 9.77783
5.34929 3.86872
8.47794 1.75266
7.97164 6.1126
6.94118 6.04798
8.8404 6.67814
9.15513 1.47141
1.89311 9.34289
5.84762 8.10478
3.85788 1.08699
8.37872 6.28025
0.398571 3.80952
2.88473 5.2517
5.4301 8.74657
5.19359 0.160334
1.77962 6.91584
9.0254 3.34602
7.5184 2.83285
7.29971 1.12024
9.42413 5.07089
9.44295 0.482498
9.15414 7.00225
5.82651 8.35808
3.205 2.13259
5.6527 9.53053
9.0476 2.09714
9.58572 7.15239
5.45569 8.55317
4.59008 4.81892
2.24954 7.53872
3.29485 3.38094
6.60657 0.0661505
6.81012 8.38549
0.717371 2.50722
4.28626 5.00927
4.30099 6.00541
9.4508 9.58344
5.72014 6.34209
9.13709 2.6772
1.37698 3.50708
1.58852 7.35282
4.61082 2.20823
5.62946 4.47737
2.81472 2.56031
9.3238 9.66125
7.55686 1.46365
0.235774 0.0553162
8.96714 8.71011
5.85987 7.57652
6.6157 4.63048
1.49207 7.76469
0.00887105 8.38638
0.137343 6.48309
5.55861 9.96865
3.65086 1.11106
4.55043 0.296157
2.78403 3.09142
5.04678 7.85541
9.14135 8.0099
0.235097 7.85984
6.20286 6.63362
4.43906 8.08851
1.79633 9.91874
7.68518 9.38123
2.04697 9.85321
9.35647 7.44636
1.04116 6.12897
9.38458 0.612063
2.52929 7.94996
8.06235 9.58229
8.69621 8.43182
7.5572 3.79426
5.57311 0.216259
2.09773 6.00474
6.04902 2.71066
7.22239 5.53656
9.93561 7.35118
2.86547 2.67329
1.97349 4.76623
2.71709 7.16303
0.674296 6.73859
5.58339 0.390755
8.29194 5.05236
0.725461 5.64098
7.22785 2.47335
1.78477 1.29793
8.75678 4.19091
9.77409 6.94337
2.23197 7.91794
9.84025 1.11849
6.95631 4.08047
1.34889 3.26322
5.58221 2.34261
3.41409 7.30576
9.91643 4.53812
1.72204 9.88772
7.99353 9.44237
0.9221 7.87533
1.26909 6.6985
9.34473 6.25409
8.04305 0.0563489
5.08083 8.97297
2.39754 7.86003
6.70423 3.68805
1.16613 3.23829
0.551073 9.09597
6.26249 1.74838
4.32818 6.34553
3.74197 6.0197
7.76361 5.7503
8.71237 9.03465
5.61357 7.94613
5.21983 8.88914
4.95363 6.08351
6.0952 1.14826
3.83762 6.03439
3.09782 0.489128
1.60522 7.48691
4.47774 3.29963
1.67759 9.12101
6.22082 7.95982
6.74257 2.02251
8.2978 6.93428
3.74112 1.94332
3.30207 2.31138
4.46198 4.03025
4.41137 0.406498
5.62326 7.97322
3.09847 6.61113
4.06162 6.05464
9.24112 0.742756
9.75836 3.40609
7.95379 1.21462
9.56202 4.81417
3.57745 8.4339
3.47779 2.19392
3.36703 4.02798
7.42379 3.84321
3.13565 2.47009
8.49174 0.24357
9.95963 2.46071
7.83321 4.18588
1.78548 8.10229
1.4559 5.21731
8.13528 4.82688
9.17977 1.80422
0.387544 5.09564
4.70417 2.45719
2.21075 4.63392
9.26435 9.83538
7.33868 9.92096
7.10827 3.84724
1.50895 4.21176
9.89141 0.427797
3.13145 2.35356
7.82945 8.52096
8.58268 4.71825
2.564 8.92402
3.00785 6.08179
2.35598 4.51799
4.18679 7.10983
8.12397 8.81302
7.51731 4.99467
0.10753 7.53384
6.88791 0.340318
4.0867 4.93943
4.29898 1.04429
4.88368 4.7605
6.50945 9.94352
1.4613 7.98977
6.87332 2.66286
1.78091 0.549401
2.31423 7.1958
1.08016 7.52344
0.698037 9.47771
1.80237 9.74633
7.76255 5.2618
4.70291 4.81366
5.12246 0.813809
9.80832 0.0258034
3.42711 5.76887
0.828796 7.47899
5.03151 7.42873
3.51375 7.38407
3.44422 3.14261
7.37821 0.0895286
1.60786 7.65258
8.6754 8.31016
5.98091 6.36495
4.06395 7.63187
9.32459 4.06598
9.5253 5.41448
2.13889 0.672479
8.28575 1.77733
8.10812 1.67093
7.45801 1.79057
8.23312 2.77743
8.31893 5.01156
8.22893 3.87794
0.985872 4.20582
2.92013 1.77416
2.31439 3.80394
5.68371 4.2993
5.8101 3.91647
6.19669 7.53293
8.1344 6.30875
0.248509 5.75995
1.98993 3.99919
0.263544 5.49111
5.86149 1.44564
1.59904 9.42931
7.89918 0.189314
4.3121 7.07667
1.60862 4.99846
6.85333 3.00718
5.53834 1.87115
3.54076 4.92722
3.75964 5.84578
3.93029 5.7409
7.85865 9.06825
8.35565 5.75116
7.13761 1.13682
9.81248 6.63179
5.07049 5.42393
0.776299 3.4275
1.16853 8.70802
1.10968 1.739
0.201959 3.82334
2.51809 3.06289
2.54913 5.05475
3.72361 1.1237
8.94889 8.17969
5.22261 9.05183
1.81732 7.60311
0.136333 5.56038
9.66444 5.20067
0.111976 8.24465
0.562784 2.71115
1.53988 1.77223
8.65927 2.56853
7.15035 1.24843
4.96507 3.98019
2.38667 8.86735
9.79284 6.35107
3.29735 8.29477
1.82073 3.79138
3.09269 5.85553
4.79192 0.172114
1.07802 6.24349
0.715989 2.91636
2.6354 7.34994
9.08181 2.93728
8.54793 3.17365
8.67171 0.298592
1.43267 2.8225
3.56455 6.00943
3.67169 3.79042
4.52089 9.06055
8.0346 6.11557
4.16343 3.73773
4.72648 0.634452
7.04514 1.46665
1.47651 5.35107
5.18398 5.0616
8.05528 8.9847
6.21988 6.14427
3.99724 2.23794
0.462745 5.99192
1.45226 0.880169
0.528665 2.67673
8.88878 2.72927
7.32891 2.75305
6.90629 3.25613
4.31011 4.51973
6.49083 3.30255
2.73353 9.45658
3.48251 1.58364
3.86088 4.93873
1.92195 1.34023
6.85207 2.47493
0.926249 5.28038
8.00136 4.72088
1.94694 1.68245
1.98868 5.95917
8.01816 2.46035
4.4033 9.29021
8.47263 1.11057
6.65616 6.72106
9.22577 5.34783
5.96585 9.38294
0.279242 2.81528
8.72577 7.05143
8.75838 0.77554
6.35578 5.11494
7.80134 8.00302
9.20855 6.46114
1.98577 2.73959
1.43252 7.57623
6.71821 2.83053
0.335404 6.85956
7.92658 8.37158
9.86018 7.23022
1.67943 0.516932
2.57482 9.7195
8.35686 4.80553
4.15746 3.51525
4.99822 2.37404
5.69409 9.8857
8.63614 8.83897
7.56537 8.11003
9.88796 5.62651
2.63513 8.47193
5.43537 5.78716
2.1916 5.46959
7.18958 5.83363
4.99798 4.16501
0.788672 7.13595
1.42983 2.09603
6.52765 3.34835
9.67989 7.86237
6.10651 2.87473
3.4077 5.93949
5.47496 4.73077
2.15244 4.44414
4.99536 9.33838
7.38609 0.323719
5.66821 2.23305
2.1194 1.33305
3.48444 8.05019
1.77903 7.85073
7.6889 7.48834
9.53427 6.28813
8.69103 1.49003
9.68992 8.06907
3.54258 9.75807
4.49726 4.018
6.66091 3.84961
1.70866 7.21791
1.60687 6.87184
3.76251 2.21385
1.30208 9.24913
0.037762 6.45052
3.97092 1.48159
0.531342 4.73658
8.73675 6.06606
6.66517 8.61069
6.50794 9.29051
8.03905 2.72817
4.3556 8.07346
8.03435 5.89574
4.25663 4.4896
6.97211 2.88771
3.02692 0.265444
6.31029 0.666705
9.54495 7.7973
1.9918 1.19992
4.73061 1.68889
3.60827 8.07515
3.73389 3.11383
1.64361 5.94334
0.373934 8.23622
7.29505 0.0834651
2.13084 2.2864
0.378041 4.94462
0.117116 3.1277
9.95718 7.13984
2.89863 1.47569
7.17613 4.3325
3.66387 7.98232
5.52546 7.43562
8.01066 3.37519
8.91403 1.91038
7.0442 3.17018
6.60369 3.11136
8.64123 1.36744
4.03617 9.93436
2.94396 5.08241
0.627601 2.03205
2.09843 3.31157
4.93636 9.79474
4.82058 5.3777
8.33663 2.24027
6.41933 7.94466
1.35547 1.11368
2.23868 0.278108
4.12421 9.328
9.00714 5.71954
1.54726 1.63287
8.46007 0.22349
1.55582 5.64467
8.29109 2.38955
6.10198 2.39778
8.1978 4.95623
7.71838 2.81376
1.84166 0.201521
3.23361 5.29236
4.35106 2.87744
4.08109 5.40111
3.39241 6.94385
6.56868 5.20098
0.63712 5.39715
2.32974 9.48544
2.39544 6.76957
0.133424 6.21132
9.92366 8.10573
7.71271 4.47595
6.45241 4.82552
8.43148 0.19663
6.70938 3.08998
2.729 9.32913
2.74272 5.78185
2.64181 0.548966
9.76531 1.74616
0.573251 0.741953
9.51401 6.39402
6.7021 8.30567
8.78278 2.73676
6.87828 6.55809
1.23594 4.37287
5.70238 0.764434
1.63597 8.32649
1.03295 4.31197
5.88771 2.93487
6.38689 5.7587
6.80668 2.41318
4.60238 5.06354
4.40679 2.32936
4.67462 7.41366
6.46977 3.13317
1.25128 3.40491
6.4192 2.65599
1.62465 5.7889
7.34593 5.85928
4.94437 5.3662
7.47602 9.85517
4.18406 8.41415
2.16857 4.95975
4.845 7.86616
4.51594 8.80627
8.55553 1.23609
3.37981 4.98312
4.32857 2.91437
0.420661 4.05792
0.812834 9.15387
6.37125 7.55526
3.32114 8.93952
6.17487 5.76398
7.95195 8.23552
6.34923 7.80909
4.49171 9.70198
5.57411 9.68927
9.95673 9.47297
1.24931 5.28023
2.09382 1.20675
7.83191 0.435143
2.85644 1.14996
6.56771 1.83721
7.43113 9.75319
7.92633 9.37508
1.75246 3.34582
1.44248 8.83076
4.61958 9.74726
5.75542 5.55382
1.81296 0.754463
5.64235 5.71716
7.26043 0.172849
0.541644 5.99838
9.82638 3.34028
4.23769 7.83857
6.45116 6.01581
0.375361 2.92568
5.08296 7.72176
3.46681 6.08508
3.21248 1.49607
8.34987 8.09544
7.90197 7.01461
5.18353 5.82004
7.13933 3.35801
1.68099 3.49529
2.84099 6.05313
6.40389 6.6887
4.66917 8.17188
7.59196 9.2629
7.9407 5.65648
1.29645 1.5719
9.55016 5.94284
0.554475 3.42963
0.576895 3.12608
2.13156 2.31562
2.32442 0.977914
3.29448 6.03203
4.27306 6.06905
6.80757 3.50861
6.46245 8.71884
3.36206 8.43908
2.88142 3.98412
6.14309 7.09747
0.83694 6.26915
3.57463 3.07181
1.43403 0.618892
6.7678 6.99256
7.43658 9.66997
1.6835 3.70988
6.43626 7.63829
4.81957 2.3551
6.37664 9.44659
7.12867 2.23202
9.55302 7.41393
7.45716 7.5157
6.36209 9.49246
8.31161 7.48161
4.23661 4.4815
1.61104 5.25566
8.72853 9.5471
4.21281 5.87148
2.16659 9.89596
5.76979 4.10412
8.01612 7.25013
0.34426 9.93147
4.00205 0.0404258
8.94941 2.6564
3.44919 4.42157
6.35744 1.58162
8.38918 1.75634
2.06199 3.23096
5.8037 9.28948
1.72472 9.57271
1.93761 2.63712
1.32502 5.06195
3.80906 1.71287
4.10533 5.24877
7.50419 0.158672
5.78989 7.90224
3.89796 0.0708076
4.24006 1.73792
6.00198 1.97648
5.34806 2.71566
1.63694 8.47829
5.7516 7.3972
7.0807 4.78909
4.4813 1.16409
7.61851 0.457423
3.28607 5.54822
6.31148 9.15416
3.83331 9.74694
7.97229 3.47782
1.6813 0.687061
1.90441 4.3615
2.39747 3.67278
7.74587 3.23933
4.62304 2.80434
5.90267 6.77639
0.618616 8.08352
9.42987 9.49587
7.81509 2.26049
2.18025 9.91384
6.53831 9.19359
1.20619 4.54413
1.5948 4.03144
9.43608 2.0141
6.80163 3.1316
6.1298 3.72045
8.27375 0.877474
4.31454 6.17902
3.00025 9.27739
6.38661 4.74675
8.61626 2.56651
1.6271 6.23912
1.68762 4.18079
7.23752 7.48187
3.73574 2.29642
2.98337 7.59945
9.72379 9.68443
9.799 4.16488
2.91793 1.62896
0.729681 7.12579
1.68887 5.80273
7.35651 3.70153
4.45646 9.0874
5.7442 0.0890165
1.39943 6.72246
3.51754 9.74152
0.93831 0.512766
6.46143 8.02017
9.2012 8.17614
4.0297 9.12276
7.57603 4.63712
7.4203 8.8548
5.15801 7.04235
7.64883 8.46149
1.48771 5.4221
2.19803 7.25223
9.97783 7.51971
6.55472 7.05219
6.92232 5.81985
9.19448 7.12408
7.17968 9.43741
2.76744 7.78564
1.56404 2.52225
9.67256 4.99969
4.23017 2.75471
8.17906 5.97003
0.92126 1.34934
1.15821 7.22395
6.42823 2.05945
4.58769 8.48439
4.46688 4.58469
7.18136 2.09423
0.549393 3.49648
7.07249 0.914597
7.90054 0.717538
2.6065 6.60315
3.99058 9.68944
6.90635 6.37435
9.99653 3.96317
7.60421 8.36352
5.15458 8.61498
8.88467 4.15746
3.53579 1.10312
1.38361 1.60801
4.78751 1.75726
3.44759 3.77887
1.37398 4.48055
4.4991 7.80944
2.35108 8.5918
6.8979 9.15571
5.14508 1.0092
6.63611 9.74163
1.24824 0.951582
6.677 1.80588
8.33976 1.48643
0.839024 5.2584
7.13973 1.94321
7.85468 2.93836
0.952363 2.39425
8.44316 6.43222
9.9077 2.96363
0.435998 5.25948
6.28344 3.61302
1.55604 6.51965
2.51259 6.77746
0.063342 3.68554
6.43956 5.12237
6.10235 8.59717
5.46147 5.43083
8.70722 5.49074
0.996983 5.61824
4.79143 8.31508
0.401424 7.00335
1.3827 0.330939
2.52181 9.76928
8.92607 4.38535
0.254191 7.71093
1.16708 8.08172
7.37546 1.19174
3.06699 0.286842
6.96348 5.99958
2.88546 5.80002
8.04299 2.7617
8.23371 6.18064
9.2213 2.55758
2.44088 9.93246
9.48078 4.95477
9.99126 1.02167
9.04351 9.21548
7.47174 9.83685
3.09668 9.29736
0.944706 1.9768
4.5976 0.809213
2.5176 4.57521
5.39158 3.27386
8.211 3.14584
3.43743 7.33156
9.04759 4.78413
4.02925 6.09507
5.42452 3.7414
9.57328 2.13229
8.55227 3.48246
4.1445 6.1555
6.91959 2.98822
5.69746 2.13631
4.5307 0.441194
6.83471 3.25274
5.00468 7.16822
0.926878 2.20334
5.87481 1.65583
6.36256 5.3924
8.22679 3.61259
4.68102 9.2266
9.13646 7.85353
5.81092 9.56917
0.932295 6.4303
5.86066 9.65293
1.28661 5.88682
7.81171 2.5226
0.273679 4.23891
6.49862 2.90133
5.67108 9.69321
8.64613 2.00221
6.37443 3.137
3.43648 7.68561
5.40153 3.40161
3.67406 2.07207
2.42217 7.71133
3.70509 9.32698
9.03106 0.846167
5.75353 5.47316
3.29139 4.9234
0.872733 5.35479
0.651065 6.63431
6.06895 7.70371
6.46714 3.7059
9.17961 0.129908
