500
10 10
8.0879 6.59806
7.06483 6.98545
1.96023 5.1697
7.32205 2.3141
4.62745 2.42171
2.89671 3.76342
6.27026 7.96283
1.54299 0.328124
1.37618 3.6795
9.42503 5.10811
6.9611 8.27141
5.93864 0.567344
1.94243 9.22734
1.66813 3.48973
9.55101 1.96672
8.9738 5.98319
1.52797 3.60988
6.11032 0.916924
7.11368 6.74972
6.32101 0.582608
3.92541 0.0946351
8.48711 0.19398
3.71155 7.39134
0.765897 2.06902
0.629138 2.35268
9.83406 5.50669
1.59528 3.29349
8.1019 8.997
7.51372 2.12151
1.46439 3.72954
7.20123 9.25572
7.10589 9.65775
7.56523 1.46858
0.260182 6.47261
2.82513 7.21821
2.29456 8.56719
0.445918 0.0133213
3.313 0.614558
6.26891 4.79282
4.97131 8.50831
9.1816 8.23126
6.79071 8.3621
7.73338 6.71108
7.76976 7.81545
4.20931 9.29152
6.16797 1.82822
2.90738 7.81214
9.86252 0.968294
7.03507 8.68687
6.9633 3.98695
4.45096 2.97251
3.67312 1.58257
0.391818 3.03211
2.60679 1.17022
2.62206 0.149664
6.43066 9.04497
2.01969 3.86977
6.19527 9.62917
5.76509 8.09604
0.0100308 5.55025
4.13682 0.219388
1.04354 2.35962
2.23657 5.62397
7.41813 5.97855
9.39715 5.2788
0.0505481 8.78483
1.93846 6.21771
9.78023 2.77238
5.20727 9.04239
9.84546 3.15823
8.60403 8.89942
5.61969 0.214975
2.56132 2.52351
9.11576 9.83065
6.72321 1.59288
9.29547 0.0552397
9.58404 3.57099
3.64878 9.97994
0.391081 7.36672
8.12566 4.41102
2.8627 3.20345
4.59333 0.32455
6.05315 5.53085
4.00161 3.73742
8.3585 5.09837
5.40326 0.203247
8.20719 1.26681
2.89448 9.00173
0.217797 6.73859
9.32472 2.67266
4.42384 0.107291
6.33026 2.87212
6.15351 4.67742
1.21343 9.73476
2.94026 9.80542
7.29385 0.570668
0.694136 9.56968
6.53096 1.99605
2.6659 6.28123
9.50365 2.87639
3.56946 5.9777
5.80925 5.0583
7.22385 2.72858
0.787311 8.91502
4.8043 7.74117
4.13278 8.1959
3.33278 6.30763
6.35946 2.02981
5.92148 2.84046
7.39512 0.542067
4.24572 9.88581
5.60727 3.2181
7.01524 5.76392
6.6733 1.35508
5.55897 9.91478
2.74252 7.21443
9.56654 3.84664
2.73788 8.01893
2.73627 7.39897
9.93757 2.27391
4.37697 1.56293
7.88625 0.301029
5.89268 8.58072
4.23477 2.22353
6.76257 8.95048
4.21862 4.37348
4.05612 9.4281
7.70122 7.80911
1.20564 6.88875
8.64644 5.52533
4.94566 8.9663
1.68407 0.103396
0.626004 8.98052
7.84083 1.69675
6.247 8.5649
6.38731 8.8747
9.16386 2.37761
0.502721 5.48483
2.12268 6.14127
6.34834 6.85296
1.09326 7.72549
6.38435 6.15844
4.77397 5.47612
3.48265 6.48585
6.97533 0.18839
3.36556 0.454867
8.59077 9.66428
9.16935 1.02046
7.99038 4.03837
8.42847 5.48852
5.42095 7.36282
4.99562 3.87264
0.99338 1.50964
6.97901 7.082
8.05384 8.0653
4.74448 5.72623
9.4373 2.03864
5.44845 4.03699
2.34464 3.39553
4.92215 9.74158
6.11655 7.4833
8.29811 5.11127
4.85669 2.90767
9.559 4.30379
1.69981 4.36769
1.45229 0.991874
2.04377 9.28742
1.97156 9.6197
7.94167 5.89801
7.74272 1.53337
5.91423 9.44221
9.23692 4.86814
9.69028 8.23937
0.0432475 7.59072
8.63148 5.29022
6.39169 8.9598
8.83351 7.98335
9.48683 1.78704
7.04035 9.31894
5.74745 9.04492
3.87282 3.85518
2.97457 5.62587
1.65672 2.82207
7.59982 2.25601
8.7366 6.42838
1.1577 0.533631
5.52094 7.61862
4.03418 0.154402
5.19672 3.10476
2.13435 3.76365
9.86777 2.70058
2.5495 0.0184353
6.79226 1.3596
5.38148 8.24076
8.56091 1.842
7.07972 4.12467
6.11335 8.81829
3.41018 5.14053
3.91882 1.01053
1.9225 9.03359
6.82246 5.58759
8.58312 1.31879
0.850733 2.01673
2.03312 3.48878
2.36836 0.348427
1.40339 8.97
2.0466 1.45274
5.51954 0.449534
2.12401 3.9282
9.11864 7.50344
3.82322 7.57452
7.96118 7.22993
0.663437 8.73557
9.30678 5.77855
3.64461 0.997031
7.83339 3.72849
2.83457 1.95926
2.24343 5.69039
8.632 6.04327
7.48302 7.40537
2.39962 5.86579
0.880592 1.68231
2.37855 6.16022
4.4162 0.402447
2.39266 5.01897
2.17486 6.37029
0.852427 5.47479
4.21769 4.63547
9.85518 0.124212
5.10053 5.81247
9.33885 7.74476
8.35114 6.33666
4.17342 1.74437
9.26696 2.34367
7.08779 8.63754
9.28672 7.29012
5.07085 3.85285
2.19029 0.384393
1.85191 3.8036
6.30403 4.54195
4.09496 1.20625
3.39815 4.39123
3.72744 3.68466
0.377892 0.773308
1.97 6.72647
1.02859 3.25173
0.496053 6.72622
5.06385 2.87037
1.75115 8.46983
8.68141 6.89291
8.88906 0.92076
0.804016 4.92429
9.18554 0.875384
3.10609 1.84403
2.5559 9.98483
3.44184 2.9371
7.51406 6.12522
5.90012 5.15308
0.00288216 5.16557
7.80002 7.99767
5.20227 2.35158
1.62743 5.00643
7.58612 1.30556
8.59925 7.67424
5.67006 6.3367
0.215299 8.22082
0.810695 2.69256
4.60555 8.29028
8.43073 7.18877
8.65858 0.591606
1.32497 8.76925
5.5948 1.15162
0.889313 1.54406
9.85777 4.42017
3.00123 1.07866
2.59157 3.05533
8.70379 0.217659
4.32028 8.37397
7.95655 5.50277
0.571918 3.02747
1.02951 4.79086
4.33512 3.37445
1.38012 2.21415
6.99502 8.6851
0.826222 2.0069
5.41879 9.04409
3.37565 1.21741
1.32438 9.77783
5.34929 3.86872
8.47794 1.75266
7.97164 6.1126
6.94118 6.04798
8.8404 6.67814
9.15513 1.47141
1.89311 9.34289
5.84762 8.10478
3.85788 1.08699
8.37872 6.28025
0.398571 3.80952
2.88473 5.2517
5.4301 8.74657
5.19359 0.160334
1.77962 6.91584
9.0254 3.34602
7.5184 2.83285
7.29971 1.12024
9.42413 5.07089
9.44295 0.482498
9.15414 7.00225
5.82651 8.35808
3.205 2.13259
5.6527 9.53053
9.0476 2.09714
9.58572 7.15239
5.45569 8.55317
4.59008 4.81892
2.24954 7.53872
3.29485 3.38094
6.60657 0.0661505
6.81012 8.38549
0.717371 2.50722
4.28626 5.00927
4.30099 6.00541
9.4508 9.58344
5.72014 6.34209
9.13709 2.6772
1.37698 3.50708
1.58852 7.35282
4.61082 2.20823
5.62946 4.47737
2.81472 2.56031
9.3238 9.66125
7.55686 1.46365
0.235774 0.0553162
8.96714 8.71011
5.85987 7.57652
6.6157 4.63048
1.49207 7.76469
0.00887105 8.38638
0.137343 6.48309
5.55861 9.96865
3.65086 1.11106
4.55043 0.296157
2.78403 3.09142
5.04678 7.85541
9.14135 8.0099
0.235097 7.85984
6.20286 6.63362
4.43906 8.08851
1.79633 9.91874
7.68518 9.38123
2.04697 9.85321
9.35647 7.44636
1.04116 6.12897
9.38458 0.612063
2.52929 7.94996
8.06235 9.58229
8.69621 8.43182
7.5572 3.79426
5.57311 0.216259
2.09773 6.00474
6.04902 2.71066
7.22239 5.53656
9.93561 7.35118
2.86547 2.67329
1.97349 4.76623
2.71709 7.16303
0.674296 6.73859
5.58339 0.390755
8.29194 5.05236
0.725461 5.64098
7.22785 2.47335
1.78477 1.29793
8.75678 4.19091
9.77409 6.94337
2.23197 7.91794
9.84025 1.11849
6.95631 4.08047
1.34889 3.26322
5.58221 2.34261
3.41409 7.30576
9.91643 4.53812
1.72204 9.88772
7.99353 9.44237
0.9221 7.87533
1.26909 6.6985
9.34473 6.25409
8.04305 0.0563489
5.08083 8.97297
2.39754 7.86003
6.70423 3.68805
1.16613 3.23829
0.551073 9.09597
6.26249 1.74838
4.32818 6.34553
3.74197 6.0197
7.76361 5.7503
8.71237 9.03465
5.61357 7.94613
5.21983 8.88914
4.95363 6.08351
6.0952 1.14826
3.83762 6.03439
3.09782 0.489128
1.60522 7.48691
4.47774 3.29963
1.67759 9.12101
6.22082 7.95982
6.74257 2.02251
8.2978 6.93428
3.74112 1.94332
3.30207 2.31138
4.46198 4.03025
4.41137 0.406498
5.62326 7.97322
3.09847 6.61113
4.06162 6.05464
9.24112 0.742756
9.75836 3.40609
7.95379 1.21462
9.56202 4.81417
3.57745 8.4339
3.47779 2.19392
3.36703 4.02798
7.42379 3.84321
3.13565 2.47009
8.49174 0.24357
9.95963 2.46071
7.83321 4.18588
1.78548 8.10229
1.4559 5.21731
8.13528 4.82688
9.17977 1.80422
0.387544 5.09564
4.70417 2.45719
2.21075 4.63392
9.26435 9.83538
7.33868 9.92096
7.10827 3.84724
1.50895 4.21176
9.89141 0.427797
3.13145 2.35356
7.82945 8.52096
8.58268 4.71825
2.564 8.92402
3.00785 6.08179
2.35598 4.51799
4.18679 7.10983
8.12397 8.81302
7.51731 4.99467
0.10753 7.53384
6.88791 0.340318
4.0867 4.93943
4.29898 1.04429
4.88368 4.7605
6.50945 9.94352
1.4613 7.98977
6.87332 2.66286
1.78091 0.549401
2.31423 7.1958
1.08016 7.52344
0.698037 9.47771
1.80237 9.74633
7.76255 5.2618
4.70291 4.81366
5.12246 0.813809
9.80832 0.0258034
3.42711 5.76887
0.828796 7.47899
5.03151 7.42873
3.51375 7.38407
3.44422 3.14261
7.37821 0.0895286
1.60786 7.65258
8.6754 8.31016
5.98091 6.36495
4.06395 7.63187
9.32459 4.06598
9.5253 5.41448
2.13889 0.672479
8.28575 1.77733
8.10812 1.67093
7.45801 1.79057
8.23312 2.77743
8.31893 5.01156
8.22893 3.87794
0.985872 4.20582
2.92013 1.77416
2.31439 3.80394
5.68371 4.2993
5.8101 3.91647
6.19669 7.53293
8.1344 6.30875
0.248509 5.75995
1.98993 3.99919
0.263544 5.49111
5.86149 1.44564
1.59904 9.42931
7.89918 0.189314
4.3121 7.07667
