100
10 10
8.0879 6.59806
7.06483 6.98545
1.96023 5.1697
7.32205 2.3141
4.62745 2.42171
2.89671 3.76342
6.27026 7.96283
1.54299 0.328124
1.37618 3.6795
9.42503 5.10811
6.9611 8.27141
5.93864 0.567344
1.94243 9.22734
1.66813 3.48973
9.55101 1.96672
8.9738 5.98319
1.52797 3.60988
6.11032 0.916924
7.11368 6.74972
6.32101 0.582608
3.92541 0.0946351
8.48711 0.19398
3.71155 7.39134
0.765897 2.06902
0.629138 2.35268
9.83406 5.50669
1.59528 3.29349
8.1019 8.997
7.51372 2.12151
1.46439 3.72954
7.20123 9.25572
7.10589 9.65775
7.56523 1.46858
0.260182 6.47261
2.82513 7.21821
2.29456 8.56719
0.445918 0.0133213
3.313 0.614558
6.26891 4.79282
4.97131 8.50831
9.1816 8.23126
6.79071 8.3621
7.73338 6.71108
7.76976 7.81545
4.20931 9.29152
6.16797 1.82822
2.90738 7.81214
9.86252 0.968294
7.03507 8.68687
6.9633 3.98695
4.45096 2.97251
3.67312 1.58257
0.391818 3.03211
2.60679 1.17022
2.62206 0.149664
6.43066 9.04497
2.01969 3.86977
6.19527 9.62917
5.76509 8.09604
0.0100308 5.55025
4.13682 0.219388
1.04354 2.35962
2.23657 5.62397
7.41813 5.97855
9.39715 5.2788
0.0505481 8.78483
1.93846 6.21771
9.78023 2.77238
5.20727 9.04239
9.84546 3.15823
8.60403 8.89942
5.61969 0.214975
2.56132 2.52351
9.11576 9.83065
6.72321 1.59288
9.29547 0.0552397
9.58404 3.57099
3.64878 9.97994
0.391081 7.36672
8.12566 4.41102
2.8627 3.20345
4.59333 0.32455
6.05315 5.53085
4.00161 3.73742
8.3585 5.09837
5.40326 0.203247
8.20719 1.26681
2.89448 9.00173
0.217797 6.73859
9.32472 2.67266
4.42384 0.107291
6.33026 2.87212
6.15351 4.67742
1.21343 9.73476
2.94026 9.80542
7.29385 0.570668
0.694136 9.56968
6.53096 1.99605
2.6659 6.28123
9.50365 2.87639
