200
10 10
1.17651 0.740217
8.95672 0.569871
0.929907 9.80643
6.93601 9.67353
5.53591 3.8375
4.10015 1.96519
1.62889 1.44713
3.02199 9.10862
1.97197 1.14757
8.92785 7.08039
2.42907 2.57418
0.00328988 9.16763
2.74069 8.19592
8.58552 6.60806
6.43279 0.0856183
0.572959 1.58652
3.89838 8.3649
7.72423 6.4148
3.31268 5.04031
3.07095 9.31828
5.83137 5.17079
8.2819 2.81273
0.231095 7.63121
6.69776 7.60327
3.70956 3.08476
8.39389 0.217769
9.10047 4.13648
0.291776 7.02458
1.83422 3.12515
4.28634 8.89397
6.54147 5.01035
5.96256 1.04447
8.62617 7.48491
0.990655 5.94223
0.660639 4.14642
9.52623 3.6079
3.28493 7.02161
9.65168 6.13849
7.47309 7.2813
4.42875 0.588475
4.74177 6.36359
6.47032 7.00455
9.07017 1.26662
6.95491 9.98316
1.3757 4.40432
2.83063 7.14119
0.359285 6.62642
4.60298 0.130456
0.494602 3.32824
3.32018 5.21474
1.25759 4.74967
5.18795 6.76176
8.62601 4.12508
3.09778 7.36412
4.97881 0.921843
9.25489 0.315134
4.76488 3.09593
0.814323 2.66704
4.72571 7.17004
6.35752 7.95222
0.718137 3.88559
5.07309 3.6118
7.63593 1.13565
4.68585 9.74485
8.34745 3.3562
6.28613 1.94652
2.57748 9.8415
7.62959 9.40595
6.08036 4.49127
9.4061 7.52193
8.97231 2.14917
4.4275 3.96702
1.80698 3.25326
5.1019 1.53622
0.97693 1.96102
5.09956 0.57958
9.96964 6.7541
1.56338 3.8019
4.56311 3.06099
8.61309 9.68539
9.14271 9.12779
5.98388 7.00907
1.73021 5.54149
1.93837 3.17781
7.90454 0.0595345
6.97812 6.57025
2.46541 6.61932
8.74818 8.76724
1.17666 4.18592
0.655126 7.88399
8.57528 3.28396
8.10503 2.91671
5.95398 1.78227
5.26052 8.04564
9.00932 3.03165
5.25288 4.87974
1.55306 2.75251
2.08127 7.15456
6.40977 4.49941
2.54364 9.03513
4.69041 1.36713
5.49702 9.20443
3.33344 4.26253
4.35865 0.927995
9.94968 5.69108
7.18474 2.04083
1.72046 5.11549
9.90964 8.12743
6.18076 4.638
3.88918 4.94518
3.4361 2.14226
8.90474 4.32531
6.81872 3.77486
1.24103 7.4997
8.80848 9.46593
7.79554 9.03761
5.69878 4.89184
7.25537 5.26728
0.82448 9.84922
2.52013 3.44643
3.09359 9.83975
1.35256 4.58325
5.04075 8.34274
2.77023 5.60712
2.15905 0.138515
2.27223 1.69378
5.94111 8.35691
4.78008 8.17837
1.83051 9.8508
9.1423 5.36776
7.68322 4.45381
2.21798 3.99102
1.57037 1.91553
7.78305 4.81632
7.71249 8.1863
8.48109 0.285188
6.89714 3.95786
1.91056 8.25461
9.72353 9.37489
4.93416 8.83259
8.4109 9.21716
5.5709 9.22467
0.812671 1.06172
7.90751 5.22616
6.68074 3.79957
2.1354 2.7243
0.0230302 3.54077
1.93363 0.0997679
7.6987 0.405756
2.71141 6.86102
8.33616 5.86199
0.616345 8.84616
0.527151 2.7027
4.95417 0.987089
1.84604 4.70077
4.73931 3.92807
4.91832 0.563345
3.74693 5.04836
9.9121 1.35372
7.2341 0.222719
8.23159 4.97318
4.20897 7.2107
7.59852 8.94555
4.88436 8.17713
4.76267 2.36718
2.55829 3.01772
7.37015 3.20393
1.41884 5.50599
8.17914 9.40819
2.63183 6.09079
3.76528 1.55153
7.61308 5.96742
0.415675 2.45863
0.0542659 4.05515
5.84513 4.61872
6.81827 8.22289
1.02332 3.12569
3.82702 4.30967
8.84342 8.63187
8.07639 4.99728
5.78899 8.83097
4.80854 5.0429
1.69509 9.09742
3.90545 6.69811
4.49404 1.5589
9.69876 5.84689
5.96423 1.89646
0.63292 3.94742
5.09079 9.39737
2.86192 3.5985
5.1689 8.23071
7.60245 3.58946
2.32248 1.26574
7.35953 3.88172
6.63193 0.164177
0.0820355 3.93312
9.95982 9.49512
4.64455 2.59276
5.50509 8.80237
5.39866 1.63741
