758.285
0 0 1.17651 0.740217
0 0 8.95672 0.569871
0 0 0.929907 9.80643
0 0 6.93601 9.67353
0 0 5.53591 3.8375
0 0 4.10015 1.96519
0 0 1.62889 1.44713
0 0 3.02199 9.10862
0 0 1.97197 1.14757
0 0 8.92785 7.08039
0 0 2.42907 2.57418
0 0 0.00328988 9.16763
0 0 2.74069 8.19592
0 0 8.58552 6.60806
0 0 6.43279 0.0856183
0 0 0.572959 1.58652
0 0 3.89838 8.3649
0 0 7.72423 6.4148
0 0 3.31268 5.04031
0 0 3.07095 9.31828
0 0 5.83137 5.17079
0 0 8.2819 2.81273
0 0 0.231095 7.63121
0 0 6.69776 7.60327
0 0 3.70956 3.08476
0 0 8.39389 0.217769
0 0 9.10047 4.13648
0 0 0.291776 7.02458
0 0 1.83422 3.12515
0 0 4.28634 8.89397
0 0 6.54147 5.01035
0 0 5.96256 1.04447
0 0 8.62617 7.48491
0 0 0.990655 5.94223
0 0 0.660639 4.14642
0 0 9.52623 3.6079
0 0 3.28493 7.02161
0 0 9.65168 6.13849
0 0 7.47309 7.2813
0 0 4.42875 0.588475
0 0 4.74177 6.36359
0 0 6.47032 7.00455
0 0 9.07017 1.26662
0 0 6.95491 9.98316
0 0 1.3757 4.40432
0 0 2.83063 7.14119
0 0 0.359285 6.62642
0 0 4.60298 0.130456
0 0 0.494602 3.32824
0 0 3.32018 5.21474
0 0 1.25759 4.74967
0 0 5.18795 6.76176
0 0 8.62601 4.12508
0 0 3.09778 7.36412
0 0 4.97881 0.921843
0 0 9.25489 0.315134
0 0 4.76488 3.09593
0 0 0.814323 2.66704
0 0 4.72571 7.17004
0 0 6.35752 7.95222
0 0 0.718137 3.88559
0 0 5.07309 3.6118
0 0 7.63593 1.13565
0 0 4.68585 9.74485
0 0 8.34745 3.3562
0 0 6.28613 1.94652
0 0 2.57748 9.8415
0 0 7.62959 9.40595
0 0 6.08036 4.49127
0 0 9.4061 7.52193
0 0 8.97231 2.14917
0 0 4.4275 3.96702
0 0 1.80698 3.25326
0 0 5.1019 1.53622
0 0 0.97693 1.96102
0 0 5.09956 0.57958
0 0 9.96964 6.7541
0 0 1.56338 3.8019
0 0 4.56311 3.06099
0 0 8.61309 9.68539
0 0 9.14271 9.12779
0 0 5.98388 7.00907
0 0 1.73021 5.54149
0 0 1.93837 3.17781
0 0 7.90454 0.0595345
0 0 6.97812 6.57025
0 0 2.46541 6.61932
0 0 8.74818 8.76724
0 0 1.17666 4.18592
0 0 0.655126 7.88399
0 0 8.57528 3.28396
0 0 8.10503 2.91671
0 0 5.95398 1.78227
0 0 5.26052 8.04564
0 0 9.00932 3.03165
0 0 5.25288 4.87974
0 0 1.55306 2.75251
0 0 2.08127 7.15456
0 0 6.40977 4.49941
0 0 2.54364 9.03513
