147.897
0 0 0.588795 0.623823
0.588795 0.623823 0.502576 0.766461
0.502576 0.766461 0.812671 1.06172
0.812671 1.06172 1.21638 1.00021
1.21638 1.00021 1.17651 0.740217
1.17651 0.740217 1.26771 0.47251
1.26771 0.47251 1.34921 0.490388
1.34921 0.490388 1.37085 0.51288
1.26771 0.47251 1.22419 0.315514
1.21638 1.00021 1.58249 1.00589
1.58249 1.00589 1.81014 1.15506
1.81014 1.15506 1.97197 1.14757
1.97197 1.14757 2.01925 1.09471
1.81014 1.15506 1.62889 1.44713
1.62889 1.44713 1.64466 1.61263
1.64466 1.61263 1.4156 1.58579
1.4156 1.58579 1.48293 1.8535
1.48293 1.8535 1.57037 1.91553
2.01925 1.09471 2.32248 1.26574
2.32248 1.26574 2.33281 0.935493
2.33281 0.935493 2.10045 0.716679
2.10045 0.716679 2.10873 0.66504
2.10873 0.66504 2.28454 0.422663
2.28454 0.422663 2.15905 0.138515
2.15905 0.138515 1.93363 0.0997679
1.22419 0.315514 0.970111 0.00404495
2.32248 1.26574 2.27223 1.69378
0.502576 0.766461 0.304349 1.17033
0.304349 1.17033 0.350882 1.55973
0.350882 1.55973 0.572959 1.58652
1.48293 1.8535 0.97693 1.96102
0.350882 1.55973 0.298786 2.08843
0.298786 2.08843 0.415675 2.45863
0.415675 2.45863 0.419031 2.57277
0.419031 2.57277 0.527151 2.7027
0.527151 2.7027 0.814323 2.66704
0.419031 2.57277 0.108372 2.75855
0.108372 2.75855 0.0130342 2.60739
0.814323 2.66704 0.89527 3.16008
0.89527 3.16008 1.02332 3.12569
0.89527 3.16008 0.494602 3.32824
0.494602 3.32824 0.172357 3.4646
0.172357 3.4646 0.0230302 3.54077
0.0230302 3.54077 0.0820355 3.93312
0.0820355 3.93312 0.0542659 4.05515
0.0542659 4.05515 0.0234767 4.11395
0.494602 3.32824 0.564068 3.77192
0.564068 3.77192 0.63292 3.94742
0.63292 3.94742 0.718137 3.88559
0.63292 3.94742 0.660639 4.14642
0.718137 3.88559 0.89081 4.02138
0.89081 4.02138 0.886293 4.15265
0.886293 4.15265 0.9808 4.24033
0.9808 4.24033 1.17666 4.18592
1.17666 4.18592 1.3757 4.40432
1.3757 4.40432 1.35256 4.58325
1.35256 4.58325 1.25759 4.74967
1.25759 4.74967 1.16013 4.74627
1.16013 4.74627 1.09904 4.96733
1.35256 4.58325 1.67773 4.68939
1.67773 4.68939 1.71425 4.80338
1.71425 4.80338 1.84604 4.70077
1.71425 4.80338 1.74743 5.09277
1.74743 5.09277 1.72046 5.11549
1.72046 5.11549 1.73703 5.22751
1.72046 5.11549 1.48452 5.17276
1.73703 5.22751 1.73021 5.54149
1.73021 5.54149 1.41884 5.50599
1.16013 4.74627 0.774902 4.73786
0.774902 4.73786 0.58536 4.62473
0.58536 4.62473 0.173829 4.62363
1.09904 4.96733 0.823198 5.27425
0.823198 5.27425 0.918178 5.38644
1.73021 5.54149 2.07899 5.76992
2.07899 5.76992 2.34549 5.88892
2.34549 5.88892 2.63183 6.09079
2.63183 6.09079 2.83831 5.91473
2.83831 5.91473 2.77023 5.60712
2.77023 5.60712 3.02034 5.39187
3.02034 5.39187 3.32018 5.21474
3.32018 5.21474 3.31268 5.04031
3.31268 5.04031 3.11828 4.98196
3.32018 5.21474 3.51878 5.38848
3.11828 4.98196 2.86741 4.88212
3.51878 5.38848 3.74693 5.04836
3.74693 5.04836 3.88918 4.94518
3.88918 4.94518 3.90319 4.86787
3.90319 4.86787 4.08908 4.66432
4.08908 4.66432 3.98185 4.59529
3.98185 4.59529 3.82702 4.30967
1.74743 5.09277 2.1671 5.14952
0.823198 5.27425 0.439637 5.0816
2.83831 5.91473 3.26496 5.98009
3.26496 5.98009 3.52955 5.91528
1.3757 4.40432 1.59604 4.02901
1.59604 4.02901 1.56338 3.8019
1.56338 3.8019 1.6222 3.75819
1.6222 3.75819 1.77006 3.52636
1.77006 3.52636 1.80698 3.25326
1.80698 3.25326 1.83422 3.12515
1.83422 3.12515 1.93837 3.17781
1.83422 3.12515 1.89686 3.01391
1.89686 3.01391 1.99747 2.7367
1.99747 2.7367 2.1354 2.7243
2.1354 2.7243 2.42907 2.57418
1.89686 3.01391 1.55306 2.75251
3.82702 4.30967 3.39254 4.3933
3.39254 4.3933 3.33344 4.26253
3.33344 4.26253 3.43118 4.07931
3.39254 4.3933 3.49419 4.62691
1.59604 4.02901 2.00706 4.2308
2.00706 4.2308 2.21798 3.99102
2.42907 2.57418 2.55829 3.01772
2.55829 3.01772 2.52013 3.44643
2.52013 3.44643 2.86192 3.5985
2.86192 3.5985 2.83109 3.66237
2.21798 3.99102 2.54493 4.31944
2.54493 4.31944 2.58131 4.42051
3.43118 4.07931 3.75886 3.70421
3.75886 3.70421 4.17981 3.52715
4.17981 3.52715 4.54924 3.36475
4.54924 3.36475 4.56311 3.06099
4.56311 3.06099 4.76488 3.09593
4.76488 3.09593 4.855 3.02563
4.56311 3.06099 4.42218 2.79535
4.42218 2.79535 4.16955 2.92459
4.42218 2.79535 4.64455 2.59276
4.64455 2.59276 4.76267 2.36718
4.76267 2.36718 4.87422 2.30838
4.87422 2.30838 5.0985 2.46033
5.0985 2.46033 5.36842 2.47234
4.16955 2.92459 3.86586 3.09734
3.86586 3.09734 3.70956 3.08476
4.54924 3.36475 4.53025 3.77737
4.53025 3.77737 4.4275 3.96702
4.53025 3.77737 4.73931 3.92807
4.87422 2.30838 4.76176 1.88602
4.76176 1.88602 5.04553 1.86884
5.04553 1.86884 5.24743 1.86998
5.24743 1.86998 5.39866 1.63741
5.39866 1.63741 5.63164 1.75248
5.39866 1.63741 5.1019 1.53622
5.63164 1.75248 5.95398 1.78227
5.95398 1.78227 5.96423 1.89646
5.96423 1.89646 6.28613 1.94652
6.28613 1.94652 6.5044 1.9798
4.76176 1.88602 4.45077 1.73184
4.45077 1.73184 4.49404 1.5589
4.49404 1.5589 4.69041 1.36713
6.5044 1.9798 6.87571 2.03069
6.87571 2.03069 7.18474 2.04083
6.28613 1.94652 6.11174 2.28255
7.18474 2.04083 7.40017 1.70894
7.40017 1.70894 7.58253 1.41847
7.58253 1.41847 7.63593 1.13565
7.63593 1.13565 7.25678 1.18778
7.25678 1.18778 7.15242 0.855498
4.45077 1.73184 4.10015 1.96519
4.10015 1.96519 3.85351 2.08085
3.85351 2.08085 3.64279 2.22154
3.64279 2.22154 3.4361 2.14226
3.4361 2.14226 3.2576 1.97318
3.2576 1.97318 3.18578 2.18682
4.10015 1.96519 4.27873 2.18855
4.27873 2.18855 4.10971 2.26441
4.73931 3.92807 5.13329 3.71255
5.13329 3.71255 5.07309 3.6118
5.13329 3.71255 5.53591 3.8375
5.53591 3.8375 5.89769 3.57757
5.89769 3.57757 5.82999 3.24787
5.89769 3.57757 6.28978 3.45801
6.28978 3.45801 6.43942 3.37249
6.43942 3.37249 6.3956 3.27875
4.69041 1.36713 4.95417 0.987089
4.95417 0.987089 4.97881 0.921843
4.97881 0.921843 5.09956 0.57958
5.09956 0.57958 4.91832 0.563345
5.95398 1.78227 5.92344 1.31392
5.92344 1.31392 5.96256 1.04447
5.96256 1.04447 6.20384 1.15308
6.20384 1.15308 6.46297 1.39207
6.87571 2.03069 6.9639 2.50273
6.9639 2.50273 6.84742 2.61772
4.91832 0.563345 4.42875 0.588475
4.42875 0.588475 4.28145 0.3543
4.42875 0.588475 4.35865 0.927995
4.28145 0.3543 4.60298 0.130456
4.35865 0.927995 3.93672 0.955084
3.93672 0.955084 3.93108 0.886013
3.93108 0.886013 3.50303 0.81106
3.50303 0.81106 3.24943 1.05391
3.50303 0.81106 3.41847 0.38777
3.41847 0.38777 3.05863 0.523022
3.05863 0.523022 3.00646 0.485857
3.93672 0.955084 3.85996 1.42444
3.85996 1.42444 3.76528 1.55153
3.76528 1.55153 3.69347 1.50201
6.43942 3.37249 6.68074 3.79957
6.68074 3.79957 6.81872 3.77486
6.81872 3.77486 6.89714 3.95786
6.89714 3.95786 7.01689 3.87056
7.01689 3.87056 7.33315 3.99132
7.33315 3.99132 7.35953 3.88172
7.35953 3.88172 7.60245 3.58946
7.60245 3.58946 7.70846 3.36248
7.70846 3.36248 7.75235 3.33119
7.70846 3.36248 7.37015 3.20393
6.89714 3.95786 6.86126 4.41305
6.86126 4.41305 6.92296 4.62211
6.92296 4.62211 6.97822 4.74478
6.92296 4.62211 6.70691 4.72607
6.70691 4.72607 6.61646 4.62403
6.61646 4.62403 6.46628 4.68885
6.46628 4.68885 6.40977 4.49941
6.70691 4.72607 6.80821 4.93829
6.40977 4.49941 6.18076 4.638
6.18076 4.638 6.08036 4.49127
6.08036 4.49127 5.84513 4.61872
5.84513 4.61872 5.89617 4.71834
5.89617 4.71834 5.69878 4.89184
6.80821 4.93829 6.54147 5.01035
6.54147 5.01035 6.35138 5.13865
6.35138 5.13865 6.38516 5.38026
6.38516 5.38026 6.27398 5.52135
6.38516 5.38026 6.56531 5.44524
5.69878 4.89184 5.83137 5.17079
5.83137 5.17079 5.86738 5.3993
6.56531 5.44524 6.90238 5.52832
6.90238 5.52832 7.05785 5.77358
7.05785 5.77358 7.162 5.84588
7.162 5.84588 7.45927 5.95097
7.45927 5.95097 7.61308 5.96742
7.45927 5.95097 7.24981 6.21357
7.24981 6.21357 7.33962 6.45138
6.08036 4.49127 5.98172 4.14557
7.33962 6.45138 6.97812 6.57025
7.33962 6.45138 7.72423 6.4148
6.97812 6.57025 6.78792 6.20587
6.90238 5.52832 7.25537 5.26728
5.69878 4.89184 5.25288 4.87974
5.25288 4.87974 5.04226 5.11657
5.04226 5.11657 4.80854 5.0429
5.04226 5.11657 5.19526 5.51884
5.19526 5.51884 5.28472 5.66226
6.97812 6.57025 7.24634 6.93649
7.24634 6.93649 7.62184 7.07804
7.62184 7.07804 7.47309 7.2813
7.61308 5.96742 7.89402 5.61007
7.89402 5.61007 7.90751 5.22616
7.90751 5.22616 8.07639 4.99728
8.07639 4.99728 8.23159 4.97318
8.07639 4.99728 7.78305 4.81632
7.78305 4.81632 7.44024 4.81
7.78305 4.81632 7.68322 4.45381
7.89402 5.61007 8.27859 5.74749
8.27859 5.74749 8.33616 5.86199
8.33616 5.86199 8.47599 5.91528
1.41884 5.50599 1.12566 5.9314
1.12566 5.9314 0.990655 5.94223
7.15242 0.855498 6.99196 0.362606
6.99196 0.362606 7.2341 0.222719
7.2341 0.222719 7.24209 0.204312
7.24209 0.204312 6.95385 0.0029105
6.95385 0.0029105 6.63193 0.164177
6.63193 0.164177 6.43279 0.0856183
6.43279 0.0856183 6.30299 0.305239
6.30299 0.305239 5.9444 0.241651
7.24209 0.204312 7.6987 0.405756
7.6987 0.405756 7.78825 0.340266
7.78825 0.340266 8.03675 0.423918
8.03675 0.423918 8.20473 0.447478
8.20473 0.447478 8.37586 0.451321
8.37586 0.451321 8.48109 0.285188
8.48109 0.285188 8.39389 0.217769
8.48109 0.285188 8.68773 0.16436
7.78825 0.340266 7.90454 0.0595345
8.68773 0.16436 9.02157 0.100833
9.02157 0.100833 9.33317 0.0509097
9.33317 0.0509097 9.25489 0.315134
9.25489 0.315134 8.95672 0.569871
8.95672 0.569871 9.36723 0.775096
9.36723 0.775096 9.52915 1.08183
9.52915 1.08183 9.62584 1.52725
9.62584 1.52725 9.71603 1.60178
9.71603 1.60178 9.9121 1.35372
9.71603 1.60178 9.54798 1.89097
9.54798 1.89097 9.5251 2.02705
9.5251 2.02705 9.20303 1.95951
9.20303 1.95951 8.97231 2.14917
8.97231 2.14917 8.79316 1.84714
8.79316 1.84714 8.66275 1.81335
8.66275 1.81335 8.60987 1.78014
8.60987 1.78014 8.13185 1.84223
9.52915 1.08183 9.07017 1.26662
6.99196 0.362606 6.63993 0.727497
5.53591 3.8375 5.30696 4.31184
7.75235 3.33119 8.10503 2.91671
8.10503 2.91671 8.2819 2.81273
8.2819 2.81273 8.56541 2.78369
8.10503 2.91671 7.96935 2.65032
8.56541 2.78369 8.90664 2.92974
8.90664 2.92974 9.00932 3.03165
9.00932 3.03165 8.93619 3.23504
8.93619 3.23504 8.57528 3.28396
8.57528 3.28396 8.34745 3.3562
9.00932 3.03165 9.50695 2.87122
9.50695 2.87122 9.46649 2.64703
9.50695 2.87122 9.56845 3.09405
9.56845 3.09405 9.55913 3.4469
9.55913 3.4469 9.52623 3.6079
2.63183 6.09079 2.46541 6.61932
2.46541 6.61932 2.71141 6.86102
2.71141 6.86102 2.98543 6.9249
2.98543 6.9249 2.98596 7.1185
2.98596 7.1185 2.83063 7.14119
2.98596 7.1185 3.09778 7.36412
3.09778 7.36412 2.98359 7.41782
2.98359 7.41782 3.05089 7.56378
2.98596 7.1185 3.28493 7.02161
3.28493 7.02161 3.38533 6.98761
3.38533 6.98761 3.49267 7.06795
3.49267 7.06795 3.5482 7.1665
3.5482 7.1665 3.44512 7.47985
2.98359 7.41782 2.69074 7.60702
2.69074 7.60702 2.51681 7.39778
2.51681 7.39778 2.20431 7.37872
2.20431 7.37872 2.08127 7.15456
2.20431 7.37872 1.93106 7.46488
2.69074 7.60702 2.37509 7.90312
2.37509 7.90312 2.28731 8.0963
2.28731 8.0963 1.91056 8.25461
1.91056 8.25461 1.69962 8.36905
1.69962 8.36905 1.58942 8.57567
1.58942 8.57567 1.29632 8.45804
1.29632 8.45804 1.03255 8.82614
1.03255 8.82614 1.19801 8.94157
1.19801 8.94157 0.980993 9.27462
1.03255 8.82614 0.616345 8.84616
0.616345 8.84616 0.451669 9.20323
0.451669 9.20323 0.00328988 9.16763
0.00328988 9.16763 0.0408511 9.39647
2.28731 8.0963 2.74069 8.19592
3.44512 7.47985 3.5881 7.95203
3.5881 7.95203 3.96671 7.90541
3.96671 7.90541 3.94144 7.57183
3.96671 7.90541 3.96889 8.33597
3.96889 8.33597 3.89838 8.3649
3.96889 8.33597 4.2542 8.51304
4.2542 8.51304 4.31545 8.77361
4.31545 8.77361 4.28634 8.89397
4.2542 8.51304 4.52158 8.4186
4.28634 8.89397 4.58756 9.0502
4.52158 8.4186 4.78008 8.17837
4.78008 8.17837 4.88436 8.17713
4.88436 8.17713 5.04075 8.34274
5.04075 8.34274 5.1689 8.23071
5.04075 8.34274 5.21535 8.4226
5.1689 8.23071 5.26052 8.04564
5.26052 8.04564 5.25945 7.95368
5.26052 8.04564 5.44128 8.24419
4.78008 8.17837 4.77915 7.82736
4.77915 7.82736 4.7872 7.47503
4.7872 7.47503 4.72571 7.17004
4.72571 7.17004 4.82508 6.91897
4.28634 8.89397 3.9514 8.77707
4.82508 6.91897 5.18795 6.76176
5.18795 6.76176 5.11486 6.58177
5.11486 6.58177 5.24785 6.55644
5.24785 6.55644 5.42401 6.59783
5.42401 6.59783 5.51747 6.28417
4.58756 9.0502 4.93416 8.83259
5.11486 6.58177 4.74177 6.36359
4.74177 6.36359 4.54912 6.40983
3.94144 7.57183 4.20897 7.2107
5.42401 6.59783 5.8749 6.56454
5.8749 6.56454 5.98388 7.00907
5.21535 8.4226 5.50509 8.80237
5.50509 8.80237 5.43357 9.01928
5.43357 9.01928 5.49702 9.20443
5.49702 9.20443 5.5709 9.22467
5.49702 9.20443 5.30776 9.37821
5.30776 9.37821 5.09079 9.39737
5.50509 8.80237 5.78899 8.83097
5.5709 9.22467 5.84512 9.37222
5.84512 9.37222 5.71097 9.5959
5.84512 9.37222 6.02771 9.56143
6.02771 9.56143 6.11796 9.82051
5.71097 9.5959 5.51157 9.80762
5.98388 7.00907 6.47032 7.00455
5.78899 8.83097 5.94111 8.35691
5.94111 8.35691 5.95383 8.26563
5.95383 8.26563 6.33458 8.24494
6.33458 8.24494 6.35752 7.95222
6.35752 7.95222 6.04447 7.89393
6.04447 7.89393 5.87056 7.6603
5.87056 7.6603 5.90249 7.61356
5.87056 7.6603 5.57652 7.50683
6.35752 7.95222 6.80754 7.96249
6.80754 7.96249 6.81827 8.22289
6.81827 8.22289 6.80874 8.2257
6.80754 7.96249 7.12011 7.83098
7.12011 7.83098 7.16672 7.96429
7.12011 7.83098 6.97308 7.63079
6.97308 7.63079 6.69776 7.60327
7.16672 7.96429 7.36541 8.25264
7.36541 8.25264 7.53903 8.18659
7.53903 8.18659 7.71249 8.1863
7.71249 8.1863 7.69839 7.92526
7.71249 8.1863 8.03883 8.17389
1.19801 8.94157 1.69509 9.09742
1.69509 9.09742 1.93201 9.35609
1.93201 9.35609 1.78802 9.50152
1.78802 9.50152 1.83051 9.8508
1.83051 9.8508 1.97118 9.81847
1.93201 9.35609 2.41726 9.51735
2.41726 9.51735 2.57748 9.8415
2.57748 9.8415 2.91314 9.59965
2.91314 9.59965 3.09359 9.83975
2.91314 9.59965 3.07095 9.31828
3.07095 9.31828 3.02199 9.10862
3.02199 9.10862 2.79585 9.23977
2.79585 9.23977 2.54364 9.03513
2.54364 9.03513 2.5052 8.89002
2.5052 8.89002 2.52025 8.70334
5.09079 9.39737 4.68585 9.74485
4.68585 9.74485 4.30485 9.89598
0.980993 9.27462 0.929907 9.80643
0.929907 9.80643 0.82448 9.84922
0.929907 9.80643 1.10374 9.93021
4.54912 6.40983 4.00634 6.50305
4.00634 6.50305 3.90545 6.69811
6.33458 8.24494 6.47366 8.77953
6.02771 9.56143 6.57457 9.45746
6.57457 9.45746 6.89708 9.59908
6.89708 9.59908 6.93601 9.67353
6.93601 9.67353 6.95491 9.98316
8.93619 3.23504 8.92484 3.81144
8.92484 3.81144 8.76407 3.86159
8.76407 3.86159 8.62601 4.12508
8.62601 4.12508 8.51119 4.19284
8.51119 4.19284 8.40443 4.17228
8.40443 4.17228 8.25105 3.98057
8.62601 4.12508 8.90474 4.32531
8.90474 4.32531 9.10047 4.13648
9.10047 4.13648 9.31008 4.23079
9.31008 4.23079 9.17406 4.3722
9.17406 4.3722 9.01083 4.73962
9.01083 4.73962 9.10731 5.12936
9.10731 5.12936 9.1423 5.36776
9.1423 5.36776 9.16197 5.58536
9.31008 4.23079 9.69185 4.4612
9.69185 4.4612 9.76399 4.19933
8.03883 8.17389 7.94391 8.75295
7.94391 8.75295 7.79554 9.03761
7.79554 9.03761 7.71002 8.97815
7.71002 8.97815 7.59852 8.94555
7.79554 9.03761 7.62959 9.40595
7.62959 9.40595 7.51135 9.54365
7.79554 9.03761 8.17914 9.40819
8.17914 9.40819 8.4109 9.21716
8.4109 9.21716 8.80848 9.46593
8.80848 9.46593 8.61309 9.68539
8.80848 9.46593 9.14271 9.12779
9.14271 9.12779 8.92738 8.87543
8.92738 8.87543 8.74818 8.76724
8.74818 8.76724 8.84342 8.63187
9.16197 5.58536 9.69876 5.84689
9.69876 5.84689 9.94968 5.69108
9.69876 5.84689 9.65168 6.13849
9.65168 6.13849 9.97993 6.32404
9.97993 6.32404 9.96964 6.7541
9.96964 6.7541 9.5859 7.09977
9.5859 7.09977 9.48488 7.39186
9.48488 7.39186 9.4061 7.52193
9.4061 7.52193 9.22388 7.49058
9.22388 7.49058 9.15116 7.285
9.15116 7.285 8.92785 7.08039
8.92785 7.08039 8.77771 7.26201
8.77771 7.26201 8.62617 7.48491
8.62617 7.48491 8.46549 7.59991
8.77771 7.26201 8.54954 6.96105
8.54954 6.96105 8.58552 6.60806
8.58552 6.60806 8.91972 6.61794
8.91972 6.61794 9.17548 6.72713
3.09359 9.83975 3.6425 9.581
0.616345 8.84616 0.0878502 8.5461
0.0878502 8.5461 0.00126942 8.15558
0.00126942 8.15558 0.231095 7.63121
0.231095 7.63121 0.493571 7.4725
0.493571 7.4725 0.655126 7.88399
0.493571 7.4725 0.291776 7.02458
0.291776 7.02458 0.359285 6.62642
0.359285 6.62642 0.343256 6.59637
0.359285 6.62642 0.67047 6.75394
0.343256 6.59637 0.445034 6.2647
9.14271 9.12779 9.72353 9.37489
9.72353 9.37489 9.95982 9.49512
1.93106 7.46488 1.24103 7.4997
2.08127 7.15456 1.71283 6.56505
9.4061 7.52193 9.90964 8.12743
