98.6441
0 0 0.812671 1.06172
0.812671 1.06172 1.17651 0.740217
0.812671 1.06172 0.572959 1.58652
0.572959 1.58652 0.97693 1.96102
0.97693 1.96102 1.57037 1.91553
1.57037 1.91553 1.62889 1.44713
1.62889 1.44713 1.97197 1.14757
1.97197 1.14757 2.32248 1.26574
2.32248 1.26574 2.27223 1.69378
0.97693 1.96102 0.814323 2.66704
0.814323 2.66704 0.527151 2.7027
0.527151 2.7027 0.415675 2.45863
0.814323 2.66704 1.02332 3.12569
1.02332 3.12569 0.494602 3.32824
0.494602 3.32824 0.0230302 3.54077
0.0230302 3.54077 0.0820355 3.93312
0.0820355 3.93312 0.0542659 4.05515
0.0820355 3.93312 0.63292 3.94742
0.63292 3.94742 0.718137 3.88559
0.63292 3.94742 0.660639 4.14642
0.660639 4.14642 1.17666 4.18592
1.17666 4.18592 1.3757 4.40432
1.3757 4.40432 1.35256 4.58325
1.35256 4.58325 1.25759 4.74967
1.35256 4.58325 1.84604 4.70077
1.84604 4.70077 1.72046 5.11549
1.72046 5.11549 1.73021 5.54149
1.73021 5.54149 1.41884 5.50599
1.17666 4.18592 1.56338 3.8019
1.56338 3.8019 1.80698 3.25326
1.80698 3.25326 1.83422 3.12515
1.83422 3.12515 1.93837 3.17781
1.83422 3.12515 1.55306 2.75251
1.93837 3.17781 2.1354 2.7243
2.1354 2.7243 2.42907 2.57418
2.42907 2.57418 2.55829 3.01772
2.55829 3.01772 2.52013 3.44643
2.52013 3.44643 2.86192 3.5985
1.41884 5.50599 0.990655 5.94223
2.52013 3.44643 2.21798 3.99102
2.86192 3.5985 3.33344 4.26253
3.33344 4.26253 3.82702 4.30967
3.82702 4.30967 3.88918 4.94518
3.88918 4.94518 3.74693 5.04836
3.74693 5.04836 3.31268 5.04031
3.31268 5.04031 3.32018 5.21474
3.32018 5.21474 2.77023 5.60712
2.77023 5.60712 2.63183 6.09079
2.63183 6.09079 2.46541 6.61932
2.46541 6.61932 2.71141 6.86102
2.71141 6.86102 2.83063 7.14119
2.83063 7.14119 3.09778 7.36412
3.09778 7.36412 3.28493 7.02161
2.46541 6.61932 2.08127 7.15456
3.82702 4.30967 4.4275 3.96702
4.4275 3.96702 4.73931 3.92807
4.73931 3.92807 5.07309 3.6118
5.07309 3.6118 5.53591 3.8375
5.07309 3.6118 4.76488 3.09593
4.76488 3.09593 4.56311 3.06099
4.56311 3.06099 4.64455 2.59276
4.64455 2.59276 4.76267 2.36718
3.28493 7.02161 3.90545 6.69811
3.90545 6.69811 4.20897 7.2107
4.20897 7.2107 4.72571 7.17004
4.72571 7.17004 5.18795 6.76176
5.18795 6.76176 4.74177 6.36359
4.76267 2.36718 4.10015 1.96519
4.10015 1.96519 3.76528 1.55153
4.10015 1.96519 4.49404 1.5589
4.49404 1.5589 4.69041 1.36713
4.69041 1.36713 5.1019 1.53622
5.1019 1.53622 5.39866 1.63741
4.69041 1.36713 4.95417 0.987089
4.95417 0.987089 4.97881 0.921843
4.97881 0.921843 5.09956 0.57958
5.09956 0.57958 4.91832 0.563345
4.91832 0.563345 4.42875 0.588475
4.42875 0.588475 4.35865 0.927995
4.42875 0.588475 4.60298 0.130456
5.39866 1.63741 5.95398 1.78227
5.95398 1.78227 5.96423 1.89646
5.96423 1.89646 6.28613 1.94652
3.76528 1.55153 3.4361 2.14226
5.95398 1.78227 5.96256 1.04447
5.18795 6.76176 5.98388 7.00907
5.98388 7.00907 6.47032 7.00455
6.47032 7.00455 6.69776 7.60327
6.69776 7.60327 6.35752 7.95222
6.35752 7.95222 6.81827 8.22289
6.35752 7.95222 5.94111 8.35691
5.94111 8.35691 5.78899 8.83097
5.78899 8.83097 5.50509 8.80237
5.50509 8.80237 5.49702 9.20443
5.49702 9.20443 5.5709 9.22467
5.49702 9.20443 5.09079 9.39737
5.09079 9.39737 4.68585 9.74485
5.50509 8.80237 4.93416 8.83259
4.93416 8.83259 5.04075 8.34274
5.04075 8.34274 5.1689 8.23071
5.1689 8.23071 5.26052 8.04564
5.04075 8.34274 4.88436 8.17713
4.88436 8.17713 4.78008 8.17837
4.93416 8.83259 4.28634 8.89397
4.28634 8.89397 3.89838 8.3649
6.47032 7.00455 6.97812 6.57025
6.97812 6.57025 7.72423 6.4148
7.72423 6.4148 7.61308 5.96742
7.61308 5.96742 8.33616 5.86199
8.33616 5.86199 7.90751 5.22616
7.90751 5.22616 8.07639 4.99728
8.07639 4.99728 8.23159 4.97318
8.07639 4.99728 7.78305 4.81632
7.78305 4.81632 7.68322 4.45381
7.90751 5.22616 7.25537 5.26728
7.68322 4.45381 7.35953 3.88172
7.35953 3.88172 7.60245 3.58946
7.60245 3.58946 7.37015 3.20393
7.35953 3.88172 6.89714 3.95786
6.89714 3.95786 6.81872 3.77486
6.81872 3.77486 6.68074 3.79957
6.89714 3.95786 6.40977 4.49941
6.40977 4.49941 6.18076 4.638
6.18076 4.638 6.08036 4.49127
6.08036 4.49127 5.84513 4.61872
5.84513 4.61872 5.69878 4.89184
5.69878 4.89184 5.83137 5.17079
5.69878 4.89184 5.25288 4.87974
5.25288 4.87974 4.80854 5.0429
6.18076 4.638 6.54147 5.01035
7.60245 3.58946 8.34745 3.3562
8.34745 3.3562 8.57528 3.28396
8.34745 3.3562 8.10503 2.91671
8.10503 2.91671 8.2819 2.81273
8.57528 3.28396 9.00932 3.03165
9.00932 3.03165 9.52623 3.6079
9.52623 3.6079 9.10047 4.13648
9.10047 4.13648 8.90474 4.32531
8.90474 4.32531 8.62601 4.12508
8.33616 5.86199 8.58552 6.60806
8.58552 6.60806 8.92785 7.08039
8.92785 7.08039 8.62617 7.48491
8.92785 7.08039 9.4061 7.52193
9.4061 7.52193 9.90964 8.12743
6.69776 7.60327 7.47309 7.2813
4.56311 3.06099 3.70956 3.08476
9.00932 3.03165 8.97231 2.14917
8.97231 2.14917 9.07017 1.26662
9.07017 1.26662 8.95672 0.569871
8.95672 0.569871 9.25489 0.315134
8.95672 0.569871 8.48109 0.285188
8.48109 0.285188 8.39389 0.217769
8.39389 0.217769 7.90454 0.0595345
7.90454 0.0595345 7.6987 0.405756
7.6987 0.405756 7.2341 0.222719
7.2341 0.222719 6.63193 0.164177
6.63193 0.164177 6.43279 0.0856183
7.6987 0.405756 7.63593 1.13565
9.07017 1.26662 9.9121 1.35372
6.81827 8.22289 7.71249 8.1863
7.71249 8.1863 7.59852 8.94555
7.59852 8.94555 7.79554 9.03761
7.79554 9.03761 7.62959 9.40595
7.79554 9.03761 8.17914 9.40819
8.17914 9.40819 8.4109 9.21716
8.4109 9.21716 8.80848 9.46593
8.80848 9.46593 8.61309 9.68539
8.80848 9.46593 9.14271 9.12779
9.14271 9.12779 8.74818 8.76724
8.74818 8.76724 8.84342 8.63187
9.14271 9.12779 9.72353 9.37489
9.72353 9.37489 9.95982 9.49512
7.62959 9.40595 6.93601 9.67353
6.93601 9.67353 6.95491 9.98316
6.28613 1.94652 7.18474 2.04083
3.09778 7.36412 2.74069 8.19592
2.74069 8.19592 1.91056 8.25461
2.74069 8.19592 2.54364 9.03513
2.54364 9.03513 3.02199 9.10862
3.02199 9.10862 3.07095 9.31828
3.07095 9.31828 3.09359 9.83975
3.09359 9.83975 2.57748 9.8415
2.57748 9.8415 1.83051 9.8508
1.83051 9.8508 1.69509 9.09742
1.83051 9.8508 0.929907 9.80643
0.929907 9.80643 0.82448 9.84922
2.08127 7.15456 1.24103 7.4997
1.24103 7.4997 0.655126 7.88399
0.655126 7.88399 0.231095 7.63121
0.231095 7.63121 0.291776 7.02458
0.291776 7.02458 0.359285 6.62642
8.33616 5.86199 9.1423 5.36776
9.1423 5.36776 9.69876 5.84689
9.69876 5.84689 9.94968 5.69108
9.69876 5.84689 9.65168 6.13849
9.65168 6.13849 9.96964 6.7541
0.655126 7.88399 0.616345 8.84616
0.616345 8.84616 0.00328988 9.16763
1.17651 0.740217 1.93363 0.0997679
1.93363 0.0997679 2.15905 0.138515
