1514.97
0 0 1.17651 0.740217
0 0 8.95672 0.569871
0 0 0.929907 9.80643
0 0 6.93601 9.67353
0 0 5.53591 3.8375
0 0 4.10015 1.96519
0 0 1.62889 1.44713
0 0 3.02199 9.10862
0 0 1.97197 1.14757
0 0 8.92785 7.08039
0 0 2.42907 2.57418
0 0 0.00328988 9.16763
0 0 2.74069 8.19592
0 0 8.58552 6.60806
0 0 6.43279 0.0856183
0 0 0.572959 1.58652
0 0 3.89838 8.3649
0 0 7.72423 6.4148
0 0 3.31268 5.04031
0 0 3.07095 9.31828
0 0 5.83137 5.17079
0 0 8.2819 2.81273
0 0 0.231095 7.63121
0 0 6.69776 7.60327
0 0 3.70956 3.08476
0 0 8.39389 0.217769
0 0 9.10047 4.13648
0 0 0.291776 7.02458
0 0 1.83422 3.12515
0 0 4.28634 8.89397
0 0 6.54147 5.01035
0 0 5.96256 1.04447
0 0 8.62617 7.48491
0 0 0.990655 5.94223
0 0 0.660639 4.14642
0 0 9.52623 3.6079
0 0 3.28493 7.02161
0 0 9.65168 6.13849
0 0 7.47309 7.2813
0 0 4.42875 0.588475
0 0 4.74177 6.36359
0 0 6.47032 7.00455
0 0 9.07017 1.26662
0 0 6.95491 9.98316
0 0 1.3757 4.40432
0 0 2.83063 7.14119
0 0 0.359285 6.62642
0 0 4.60298 0.130456
0 0 0.494602 3.32824
0 0 3.32018 5.21474
0 0 1.25759 4.74967
0 0 5.18795 6.76176
0 0 8.62601 4.12508
0 0 3.09778 7.36412
0 0 4.97881 0.921843
0 0 9.25489 0.315134
0 0 4.76488 3.09593
0 0 0.814323 2.66704
0 0 4.72571 7.17004
0 0 6.35752 7.95222
0 0 0.718137 3.88559
0 0 5.07309 3.6118
0 0 7.63593 1.13565
0 0 4.68585 9.74485
0 0 8.34745 3.3562
0 0 6.28613 1.94652
0 0 2.57748 9.8415
0 0 7.62959 9.40595
0 0 6.08036 4.49127
0 0 9.4061 7.52193
0 0 8.97231 2.14917
0 0 4.4275 3.96702
0 0 1.80698 3.25326
0 0 5.1019 1.53622
0 0 0.97693 1.96102
0 0 5.09956 0.57958
0 0 9.96964 6.7541
0 0 1.56338 3.8019
0 0 4.56311 3.06099
0 0 8.61309 9.68539
0 0 9.14271 9.12779
0 0 5.98388 7.00907
0 0 1.73021 5.54149
0 0 1.93837 3.17781
0 0 7.90454 0.0595345
0 0 6.97812 6.57025
0 0 2.46541 6.61932
0 0 8.74818 8.76724
0 0 1.17666 4.18592
0 0 0.655126 7.88399
0 0 8.57528 3.28396
0 0 8.10503 2.91671
0 0 5.95398 1.78227
0 0 5.26052 8.04564
0 0 9.00932 3.03165
0 0 5.25288 4.87974
0 0 1.55306 2.75251
0 0 2.08127 7.15456
0 0 6.40977 4.49941
0 0 2.54364 9.03513
0 0 4.69041 1.36713
0 0 5.49702 9.20443
0 0 3.33344 4.26253
0 0 4.35865 0.927995
0 0 9.94968 5.69108
0 0 7.18474 2.04083
0 0 1.72046 5.11549
0 0 9.90964 8.12743
0 0 6.18076 4.638
0 0 3.88918 4.94518
0 0 3.4361 2.14226
0 0 8.90474 4.32531
0 0 6.81872 3.77486
0 0 1.24103 7.4997
0 0 8.80848 9.46593
0 0 7.79554 9.03761
0 0 5.69878 4.89184
0 0 7.25537 5.26728
0 0 0.82448 9.84922
0 0 2.52013 3.44643
0 0 3.09359 9.83975
0 0 1.35256 4.58325
0 0 5.04075 8.34274
0 0 2.77023 5.60712
0 0 2.15905 0.138515
0 0 2.27223 1.69378
0 0 5.94111 8.35691
0 0 4.78008 8.17837
0 0 1.83051 9.8508
0 0 9.1423 5.36776
0 0 7.68322 4.45381
0 0 2.21798 3.99102
0 0 1.57037 1.91553
0 0 7.78305 4.81632
0 0 7.71249 8.1863
0 0 8.48109 0.285188
0 0 6.89714 3.95786
0 0 1.91056 8.25461
0 0 9.72353 9.37489
0 0 4.93416 8.83259
0 0 8.4109 9.21716
0 0 5.5709 9.22467
0 0 0.812671 1.06172
0 0 7.90751 5.22616
0 0 6.68074 3.79957
0 0 2.1354 2.7243
0 0 0.0230302 3.54077
0 0 1.93363 0.0997679
0 0 7.6987 0.405756
0 0 2.71141 6.86102
0 0 8.33616 5.86199
0 0 0.616345 8.84616
0 0 0.527151 2.7027
0 0 4.95417 0.987089
0 0 1.84604 4.70077
0 0 4.73931 3.92807
0 0 4.91832 0.563345
0 0 3.74693 5.04836
0 0 9.9121 1.35372
0 0 7.2341 0.222719
0 0 8.23159 4.97318
0 0 4.20897 7.2107
0 0 7.59852 8.94555
0 0 4.88436 8.17713
0 0 4.76267 2.36718
0 0 2.55829 3.01772
0 0 7.37015 3.20393
0 0 1.41884 5.50599
0 0 8.17914 9.40819
0 0 2.63183 6.09079
0 0 3.76528 1.55153
0 0 7.61308 5.96742
0 0 0.415675 2.45863
0 0 0.0542659 4.05515
0 0 5.84513 4.61872
0 0 6.81827 8.22289
0 0 1.02332 3.12569
0 0 3.82702 4.30967
0 0 8.84342 8.63187
0 0 8.07639 4.99728
0 0 5.78899 8.83097
0 0 4.80854 5.0429
0 0 1.69509 9.09742
0 0 3.90545 6.69811
0 0 4.49404 1.5589
0 0 9.69876 5.84689
0 0 5.96423 1.89646
0 0 0.63292 3.94742
0 0 5.09079 9.39737
0 0 2.86192 3.5985
0 0 5.1689 8.23071
0 0 7.60245 3.58946
0 0 2.32248 1.26574
0 0 7.35953 3.88172
0 0 6.63193 0.164177
0 0 0.0820355 3.93312
0 0 9.95982 9.49512
0 0 4.64455 2.59276
0 0 5.50509 8.80237
0 0 5.39866 1.63741
