3743.43
0 0 1.17651 0.740217
0 0 8.95672 0.569871
0 0 0.929907 9.80643
0 0 6.93601 9.67353
0 0 5.53591 3.8375
0 0 4.10015 1.96519
0 0 1.62889 1.44713
0 0 3.02199 9.10862
0 0 1.97197 1.14757
0 0 8.92785 7.08039
0 0 2.42907 2.57418
0 0 0.00328988 9.16763
0 0 2.74069 8.19592
0 0 8.58552 6.60806
0 0 6.43279 0.0856183
0 0 0.572959 1.58652
0 0 3.89838 8.3649
0 0 7.72423 6.4148
0 0 3.31268 5.04031
0 0 3.07095 9.31828
0 0 5.83137 5.17079
0 0 8.2819 2.81273
0 0 0.231095 7.63121
0 0 6.69776 7.60327
0 0 3.70956 3.08476
0 0 8.39389 0.217769
0 0 9.10047 4.13648
0 0 0.291776 7.02458
0 0 1.83422 3.12515
0 0 4.28634 8.89397
0 0 6.54147 5.01035
0 0 5.96256 1.04447
0 0 8.62617 7.48491
0 0 0.990655 5.94223
0 0 0.660639 4.14642
0 0 9.52623 3.6079
0 0 3.28493 7.02161
0 0 9.65168 6.13849
0 0 7.47309 7.2813
0 0 4.42875 0.588475
0 0 4.74177 6.36359
0 0 6.47032 7.00455
0 0 9.07017 1.26662
0 0 6.95491 9.98316
0 0 1.3757 4.40432
0 0 2.83063 7.14119
0 0 0.359285 6.62642
0 0 4.60298 0.130456
0 0 0.494602 3.32824
0 0 3.32018 5.21474
0 0 1.25759 4.74967
0 0 5.18795 6.76176
0 0 8.62601 4.12508
0 0 3.09778 7.36412
0 0 4.97881 0.921843
0 0 9.25489 0.315134
0 0 4.76488 3.09593
0 0 0.814323 2.66704
0 0 4.72571 7.17004
0 0 6.35752 7.95222
0 0 0.718137 3.88559
0 0 5.07309 3.6118
0 0 7.63593 1.13565
0 0 4.68585 9.74485
0 0 8.34745 3.3562
0 0 6.28613 1.94652
0 0 2.57748 9.8415
0 0 7.62959 9.40595
0 0 6.08036 4.49127
0 0 9.4061 7.52193
0 0 8.97231 2.14917
0 0 4.4275 3.96702
0 0 1.80698 3.25326
0 0 5.1019 1.53622
0 0 0.97693 1.96102
0 0 5.09956 0.57958
0 0 9.96964 6.7541
0 0 1.56338 3.8019
0 0 4.56311 3.06099
0 0 8.61309 9.68539
0 0 9.14271 9.12779
0 0 5.98388 7.00907
0 0 1.73021 5.54149
0 0 1.93837 3.17781
0 0 7.90454 0.0595345
0 0 6.97812 6.57025
0 0 2.46541 6.61932
0 0 8.74818 8.76724
0 0 1.17666 4.18592
0 0 0.655126 7.88399
0 0 8.57528 3.28396
0 0 8.10503 2.91671
0 0 5.95398 1.78227
0 0 5.26052 8.04564
0 0 9.00932 3.03165
0 0 5.25288 4.87974
0 0 1.55306 2.75251
0 0 2.08127 7.15456
0 0 6.40977 4.49941
0 0 2.54364 9.03513
0 0 4.69041 1.36713
0 0 5.49702 9.20443
0 0 3.33344 4.26253
0 0 4.35865 0.927995
0 0 9.94968 5.69108
0 0 7.18474 2.04083
0 0 1.72046 5.11549
0 0 9.90964 8.12743
0 0 6.18076 4.638
0 0 3.88918 4.94518
0 0 3.4361 2.14226
0 0 8.90474 4.32531
0 0 6.81872 3.77486
0 0 1.24103 7.4997
0 0 8.80848 9.46593
0 0 7.79554 9.03761
0 0 5.69878 4.89184
0 0 7.25537 5.26728
0 0 0.82448 9.84922
0 0 2.52013 3.44643
0 0 3.09359 9.83975
0 0 1.35256 4.58325
0 0 5.04075 8.34274
0 0 2.77023 5.60712
0 0 2.15905 0.138515
0 0 2.27223 1.69378
0 0 5.94111 8.35691
0 0 4.78008 8.17837
0 0 1.83051 9.8508
0 0 9.1423 5.36776
0 0 7.68322 4.45381
0 0 2.21798 3.99102
0 0 1.57037 1.91553
0 0 7.78305 4.81632
0 0 7.71249 8.1863
0 0 8.48109 0.285188
0 0 6.89714 3.95786
0 0 1.91056 8.25461
0 0 9.72353 9.37489
0 0 4.93416 8.83259
0 0 8.4109 9.21716
0 0 5.5709 9.22467
0 0 0.812671 1.06172
0 0 7.90751 5.22616
0 0 6.68074 3.79957
0 0 2.1354 2.7243
0 0 0.0230302 3.54077
0 0 1.93363 0.0997679
0 0 7.6987 0.405756
0 0 2.71141 6.86102
0 0 8.33616 5.86199
0 0 0.616345 8.84616
0 0 0.527151 2.7027
0 0 4.95417 0.987089
0 0 1.84604 4.70077
0 0 4.73931 3.92807
0 0 4.91832 0.563345
0 0 3.74693 5.04836
0 0 9.9121 1.35372
0 0 7.2341 0.222719
0 0 8.23159 4.97318
0 0 4.20897 7.2107
0 0 7.59852 8.94555
0 0 4.88436 8.17713
0 0 4.76267 2.36718
0 0 2.55829 3.01772
0 0 7.37015 3.20393
0 0 1.41884 5.50599
0 0 8.17914 9.40819
0 0 2.63183 6.09079
0 0 3.76528 1.55153
0 0 7.61308 5.96742
0 0 0.415675 2.45863
0 0 0.0542659 4.05515
0 0 5.84513 4.61872
0 0 6.81827 8.22289
0 0 1.02332 3.12569
0 0 3.82702 4.30967
0 0 8.84342 8.63187
0 0 8.07639 4.99728
0 0 5.78899 8.83097
0 0 4.80854 5.0429
0 0 1.69509 9.09742
0 0 3.90545 6.69811
0 0 4.49404 1.5589
0 0 9.69876 5.84689
0 0 5.96423 1.89646
0 0 0.63292 3.94742
0 0 5.09079 9.39737
0 0 2.86192 3.5985
0 0 5.1689 8.23071
0 0 7.60245 3.58946
0 0 2.32248 1.26574
0 0 7.35953 3.88172
0 0 6.63193 0.164177
0 0 0.0820355 3.93312
0 0 9.95982 9.49512
0 0 4.64455 2.59276
0 0 5.50509 8.80237
0 0 5.39866 1.63741
0 0 7.16672 7.96429
0 0 5.63164 1.75248
0 0 5.51157 9.80762
0 0 3.49267 7.06795
0 0 1.09904 4.96733
0 0 7.44024 4.81
0 0 0.774902 4.73786
0 0 5.71097 9.5959
0 0 0.67047 6.75394
0 0 5.95383 8.26563
0 0 8.60987 1.78014
0 0 0.439637 5.0816
0 0 7.94391 8.75295
0 0 6.46628 4.68885
0 0 5.24785 6.55644
0 0 6.57457 9.45746
0 0 7.53903 8.18659
0 0 8.13185 1.84223
0 0 1.37085 0.51288
0 0 1.71283 6.56505
0 0 0.304349 1.17033
0 0 7.162 5.84588
0 0 7.89402 5.61007
0 0 1.59604 4.02901
0 0 8.40443 4.17228
0 0 0.58536 4.62473
0 0 5.84512 9.37222
0 0 9.22388 7.49058
0 0 1.58249 1.00589
0 0 1.93201 9.35609
0 0 4.77915 7.82736
0 0 3.52955 5.91528
0 0 9.97993 6.32404
0 0 2.41726 9.51735
0 0 6.70691 4.72607
0 0 2.01925 1.09471
0 0 0.00126942 8.15558
0 0 6.9639 2.50273
0 0 2.51681 7.39778
0 0 3.18578 2.18682
0 0 6.87571 2.03069
0 0 1.64466 1.61263
0 0 0.823198 5.27425
0 0 7.78825 0.340266
0 0 2.10045 0.716679
0 0 7.45927 5.95097
0 0 1.48293 1.8535
0 0 6.89708 9.59908
0 0 9.52915 1.08183
0 0 5.21535 8.4226
0 0 5.25945 7.95368
0 0 2.79585 9.23977
0 0 1.99747 2.7367
0 0 5.11486 6.58177
0 0 2.98543 6.9249
0 0 6.80821 4.93829
0 0 0.918178 5.38644
0 0 5.36842 2.47234
0 0 5.30696 4.31184
0 0 4.31545 8.77361
0 0 4.82508 6.91897
0 0 5.19526 5.51884
0 0 8.27859 5.74749
0 0 1.26771 0.47251
0 0 9.01083 4.73962
0 0 9.20303 1.95951
0 0 4.58756 9.0502
0 0 4.54924 3.36475
0 0 4.17981 3.52715
0 0 6.27398 5.52135
0 0 5.89769 3.57757
0 0 0.0408511 9.39647
0 0 3.49419 4.62691
0 0 2.37509 7.90312
0 0 9.5859 7.09977
0 0 8.03675 0.423918
0 0 2.00706 4.2308
0 0 8.25105 3.98057
0 0 0.0234767 4.11395
0 0 4.54912 6.40983
0 0 8.46549 7.59991
0 0 0.0130342 2.60739
0 0 5.43357 9.01928
0 0 3.9514 8.77707
0 0 5.8749 6.56454
0 0 4.2542 8.51304
0 0 0.0878502 8.5461
0 0 9.62584 1.52725
0 0 2.83831 5.91473
0 0 5.51747 6.28417
0 0 2.20431 7.37872
0 0 6.78792 6.20587
0 0 9.31008 4.23079
0 0 7.24634 6.93649
0 0 6.63993 0.727497
0 0 1.34921 0.490388
0 0 3.86586 3.09734
0 0 8.91972 6.61794
0 0 5.82999 3.24787
0 0 7.12011 7.83098
0 0 9.48488 7.39186
0 0 4.45077 1.73184
0 0 8.66275 1.81335
0 0 9.02157 0.100833
0 0 3.51878 5.38848
0 0 1.69962 8.36905
0 0 5.24743 1.86998
0 0 4.16955 2.92459
0 0 3.41847 0.38777
0 0 0.173829 4.62363
0 0 6.84742 2.61772
0 0 1.73703 5.22751
0 0 8.68773 0.16436
0 0 7.15242 0.855498
0 0 4.28145 0.3543
0 0 4.53025 3.77737
0 0 9.33317 0.0509097
0 0 8.54954 6.96105
0 0 2.58131 4.42051
0 0 3.93672 0.955084
0 0 6.47366 8.77953
0 0 7.75235 3.33119
0 0 6.99196 0.362606
0 0 0.298786 2.08843
0 0 6.43942 3.37249
0 0 7.01689 3.87056
0 0 5.0985 2.46033
0 0 1.58942 8.57567
0 0 8.77771 7.26201
0 0 8.03883 8.17389
0 0 6.30299 0.305239
0 0 2.28454 0.422663
0 0 1.48452 5.17276
0 0 3.69347 1.50201
0 0 6.97308 7.63079
0 0 7.40017 1.70894
0 0 4.76176 1.88602
0 0 9.54798 1.89097
0 0 1.21638 1.00021
0 0 7.24209 0.204312
0 0 8.92738 8.87543
0 0 4.855 3.02563
0 0 3.6425 9.581
0 0 6.3956 3.27875
0 0 3.5482 7.1665
0 0 7.58253 1.41847
0 0 6.80754 7.96249
0 0 8.92484 3.81144
0 0 1.77006 3.52636
0 0 6.5044 1.9798
0 0 0.451669 9.20323
0 0 7.05785 5.77358
0 0 1.19801 8.94157
0 0 3.05863 0.523022
0 0 3.64279 2.22154
0 0 9.5251 2.02705
0 0 4.7872 7.47503
0 0 6.38516 5.38026
0 0 0.343256 6.59637
0 0 0.89081 4.02138
0 0 9.15116 7.285
0 0 5.87056 7.6603
0 0 6.92296 4.62211
0 0 6.33458 8.24494
0 0 1.10374 9.93021
0 0 3.94144 7.57183
0 0 3.50303 0.81106
0 0 4.30485 9.89598
0 0 2.69074 7.60702
0 0 9.10731 5.12936
0 0 3.44512 7.47985
0 0 9.36723 0.775096
0 0 8.51119 4.19284
0 0 6.56531 5.44524
0 0 1.89686 3.01391
0 0 1.71425 4.80338
0 0 2.86741 4.88212
0 0 5.28472 5.66226
0 0 3.90319 4.86787
0 0 0.564068 3.77192
0 0 2.07899 5.76992
0 0 8.20473 0.447478
0 0 3.39254 4.3933
0 0 3.96889 8.33597
0 0 3.75886 3.70421
0 0 0.350882 1.55973
0 0 3.11828 4.98196
0 0 4.27873 2.18855
0 0 7.69839 7.92526
0 0 3.2576 1.97318
0 0 3.93108 0.886013
0 0 6.20384 1.15308
0 0 4.42218 2.79535
0 0 9.17406 4.3722
0 0 3.43118 4.07931
0 0 6.04447 7.89393
0 0 6.61646 4.62403
0 0 2.83109 3.66237
0 0 6.11796 9.82051
0 0 6.02771 9.56143
0 0 2.52025 8.70334
0 0 6.35138 5.13865
0 0 7.96935 2.65032
0 0 0.502576 0.766461
0 0 6.95385 0.0029105
0 0 8.56541 2.78369
0 0 8.90664 2.92974
0 0 6.97822 4.74478
0 0 5.9444 0.241651
0 0 7.51135 9.54365
0 0 6.46297 1.39207
0 0 2.98359 7.41782
0 0 7.24981 6.21357
0 0 9.46649 2.64703
0 0 6.80874 8.2257
0 0 7.33315 3.99132
0 0 4.10971 2.26441
0 0 3.02034 5.39187
0 0 2.33281 0.935493
0 0 6.11174 2.28255
0 0 2.54493 4.31944
0 0 0.419031 2.57277
0 0 3.5881 7.95203
0 0 7.71002 8.97815
0 0 3.38533 6.98761
0 0 9.16197 5.58536
0 0 3.98185 4.59529
0 0 7.70846 3.36248
0 0 0.588795 0.623823
0 0 5.92344 1.31392
0 0 1.78802 9.50152
0 0 0.445034 6.2647
0 0 1.6222 3.75819
0 0 4.00634 6.50305
0 0 5.98172 4.14557
0 0 3.85351 2.08085
0 0 2.34549 5.88892
0 0 4.08908 4.66432
0 0 5.44128 8.24419
0 0 8.93619 3.23504
0 0 9.17548 6.72713
0 0 6.90238 5.52832
0 0 8.37586 0.451321
0 0 1.22419 0.315514
0 0 9.56845 3.09405
0 0 1.93106 7.46488
0 0 0.89527 3.16008
0 0 5.42401 6.59783
0 0 9.69185 4.4612
0 0 5.13329 3.71255
0 0 2.1671 5.14952
0 0 3.00646 0.485857
0 0 1.74743 5.09277
0 0 2.28731 8.0963
0 0 6.28978 3.45801
0 0 0.970111 0.00404495
0 0 4.52158 8.4186
0 0 5.90249 7.61356
0 0 1.16013 4.74627
0 0 2.10873 0.66504
0 0 8.47599 5.91528
0 0 5.04553 1.86884
0 0 5.86738 5.3993
0 0 4.87422 2.30838
0 0 3.26496 5.98009
0 0 5.30776 9.37821
0 0 9.76399 4.19933
0 0 3.24943 1.05391
0 0 7.36541 8.25264
0 0 2.98596 7.1185
0 0 1.67773 4.68939
0 0 1.03255 8.82614
0 0 9.55913 3.4469
0 0 5.04226 5.11657
0 0 6.86126 4.41305
0 0 9.71603 1.60178
0 0 7.62184 7.07804
0 0 2.5052 8.89002
0 0 8.79316 1.84714
0 0 1.81014 1.15506
0 0 1.29632 8.45804
0 0 3.05089 7.56378
0 0 0.886293 4.15265
0 0 0.980993 9.27462
0 0 8.76407 3.86159
0 0 0.493571 7.4725
0 0 2.91314 9.59965
0 0 0.9808 4.24033
0 0 3.85996 1.42444
0 0 1.97118 9.81847
0 0 1.12566 5.9314
0 0 1.4156 1.58579
0 0 7.25678 1.18778
0 0 3.96671 7.90541
0 0 0.172357 3.4646
0 0 5.57652 7.50683
0 0 9.50695 2.87122
0 0 7.33962 6.45138
0 0 5.89617 4.71834
0 0 0.108372 2.75855
