69.9861
0 0 1.17651 0.740217
1.17651 0.740217 1.62889 1.44713
1.62889 1.44713 1.97197 1.14757
1.62889 1.44713 0.97693 1.96102
0.97693 1.96102 0.572959 1.58652
0.97693 1.96102 0.814323 2.66704
0.814323 2.66704 0.494602 3.32824
0.494602 3.32824 0.718137 3.88559
0.718137 3.88559 0.660639 4.14642
0.660639 4.14642 1.17666 4.18592
1.17666 4.18592 1.3757 4.40432
1.3757 4.40432 1.25759 4.74967
1.17666 4.18592 1.56338 3.8019
1.56338 3.8019 1.80698 3.25326
1.80698 3.25326 1.83422 3.12515
1.83422 3.12515 1.93837 3.17781
1.83422 3.12515 1.55306 2.75251
1.93837 3.17781 2.42907 2.57418
1.25759 4.74967 1.73021 5.54149
1.73021 5.54149 0.990655 5.94223
0.990655 5.94223 0.359285 6.62642
0.359285 6.62642 0.291776 7.02458
0.291776 7.02458 0.231095 7.63121
0.231095 7.63121 0.655126 7.88399
1.73021 5.54149 2.46541 6.61932
2.46541 6.61932 2.83063 7.14119
2.83063 7.14119 3.09778 7.36412
3.09778 7.36412 3.28493 7.02161
2.46541 6.61932 2.08127 7.15456
3.09778 7.36412 2.74069 8.19592
2.74069 8.19592 2.54364 9.03513
2.54364 9.03513 3.02199 9.10862
3.02199 9.10862 3.07095 9.31828
3.07095 9.31828 2.57748 9.8415
3.02199 9.10862 3.89838 8.3649
3.89838 8.3649 4.28634 8.89397
4.28634 8.89397 4.68585 9.74485
4.28634 8.89397 5.26052 8.04564
5.26052 8.04564 4.72571 7.17004
4.72571 7.17004 5.18795 6.76176
5.18795 6.76176 4.74177 6.36359
5.18795 6.76176 5.98388 7.00907
5.98388 7.00907 6.47032 7.00455
6.47032 7.00455 6.69776 7.60327
6.69776 7.60327 6.35752 7.95222
6.47032 7.00455 6.97812 6.57025
6.97812 6.57025 7.72423 6.4148
6.69776 7.60327 7.47309 7.2813
7.72423 6.4148 8.58552 6.60806
8.58552 6.60806 8.92785 7.08039
8.92785 7.08039 8.62617 7.48491
8.92785 7.08039 9.4061 7.52193
9.4061 7.52193 9.96964 6.7541
9.96964 6.7541 9.65168 6.13849
8.62617 7.48491 8.74818 8.76724
8.74818 8.76724 9.14271 9.12779
9.14271 9.12779 8.61309 9.68539
8.61309 9.68539 7.62959 9.40595
7.62959 9.40595 6.93601 9.67353
6.93601 9.67353 6.95491 9.98316
2.42907 2.57418 3.70956 3.08476
3.70956 3.08476 4.56311 3.06099
4.56311 3.06099 4.76488 3.09593
4.76488 3.09593 5.07309 3.6118
5.07309 3.6118 5.53591 3.8375
5.07309 3.6118 4.4275 3.96702
5.53591 3.8375 6.08036 4.49127
6.08036 4.49127 6.40977 4.49941
6.40977 4.49941 6.54147 5.01035
6.08036 4.49127 5.83137 5.17079
5.83137 5.17079 5.25288 4.87974
3.70956 3.08476 4.10015 1.96519
4.10015 1.96519 5.1019 1.53622
5.1019 1.53622 4.97881 0.921843
4.97881 0.921843 5.09956 0.57958
4.97881 0.921843 4.42875 0.588475
4.42875 0.588475 4.60298 0.130456
5.1019 1.53622 5.95398 1.78227
5.95398 1.78227 6.28613 1.94652
5.95398 1.78227 5.96256 1.04447
5.96256 1.04447 6.43279 0.0856183
0.655126 7.88399 0.00328988 9.16763
0.00328988 9.16763 0.929907 9.80643
6.43279 0.0856183 7.90454 0.0595345
7.90454 0.0595345 8.39389 0.217769
8.39389 0.217769 8.95672 0.569871
8.95672 0.569871 9.25489 0.315134
8.95672 0.569871 9.07017 1.26662
9.07017 1.26662 8.97231 2.14917
8.97231 2.14917 9.00932 3.03165
9.00932 3.03165 8.57528 3.28396
8.57528 3.28396 8.34745 3.3562
8.34745 3.3562 8.10503 2.91671
8.10503 2.91671 8.2819 2.81273
9.00932 3.03165 9.52623 3.6079
9.52623 3.6079 9.10047 4.13648
9.10047 4.13648 8.62601 4.12508
7.90454 0.0595345 7.63593 1.13565
4.4275 3.96702 3.31268 5.04031
3.31268 5.04031 3.32018 5.21474
